           TRANSAKSI SWITCHING POS NASABAH BANK LAIN DI POS BCA
                        DATA TANGGAL 05/01/2020

-----------------------------------------------------------------------
| B A N K   |         TOTAL TXN          |          APP SALES         |
|           ----------------------------------------------------------|
|           |    TXN   |       IDR       |    TXN   |      IDR        |
-----------------------------------------------------------------------
|BUMI ARTA  |        50|       18,894,007|        50|       18,894,007|
|HSBC IN    |       757|      394,670,507|       757|      394,670,507|
|MUAMALAT   |     1,713|      890,583,541|     1,713|      890,583,541|
|MAYAPADA   |       300|      116,111,543|       300|      116,111,543|
|BPD JATENG |     3,065|    1,706,784,392|     3,065|    1,706,784,392|
|NUSANTARA  |         0|                0|         0|                0|
|SUMSELBABL |     1,562|      907,077,106|     1,562|      907,077,106|
|JASA JKT   |        31|       10,675,340|        31|       10,675,340|
|NISP       |     3,042|    1,421,553,849|     3,042|    1,421,553,849|
|VICTORIA   |       238|       68,625,634|       238|       68,625,634|
|BPD KALTIM |     1,445|      822,388,368|     1,445|      822,388,368|
|BPD BNTEN  |       307|      176,183,277|       307|      176,183,277|
|PAPUA      |       619|      653,739,345|       619|      653,739,345|
|JABAR      |       309|      133,943,496|       309|      133,943,496|
|MEGA SYARH |       121|       45,819,527|       121|       45,819,527|
|RABOBANK   |         0|                0|         0|                0|
|MASPION    |        96|       34,773,516|        96|       34,773,516|
|SY MANDIRI |         1|            2,000|         1|            2,000|
|ROYAL      |         0|                0|         0|                0|
|SBI INDONE |        27|        7,722,387|        27|        7,722,387|
|BPD DIY    |       878|      442,508,214|       878|      442,508,214|
|BRI SYARH  |     1,316|      587,508,182|     1,316|      587,508,182|
|CTBC INDNS |        24|       10,169,378|        24|       10,169,378|
|D K I      |         0|                0|         0|                0|
|H A N A    |       811|      402,797,095|       811|      402,797,095|
|J A T I M  |     3,401|    1,789,609,259|     3,401|    1,789,609,259|
|KALBAR     |       567|      322,538,564|       567|      322,538,564|
|JTRUST IND |        68|       17,133,064|        68|       17,133,064|
|R I A U    |       938|      623,936,288|       938|      623,936,288|
|SAHABAT    |        69|       22,140,588|        69|       22,140,588|
|SULSELBAR  |       744|      362,173,582|       744|      362,173,582|
|NAGARI     |       441|      247,014,834|       441|      247,014,834|
|CCB INSIA  |       134|       30,887,963|       134|       30,887,963|
-----------------------------------------------------------------------
-----------------------------------------------------------------------
| T O T A L |    23,096|   12,282,206,017|    23,096|   12,282,206,017|
-----------------------------------------------------------------------


           TRANSAKSI SWITCHING ATM NASABAH BANK LAIN DI ATM BCA
                        DATA TANGGAL 05/01/2020

-----------------------------------------------------------------------------------------------------------------------------------------------------------
|  B A N K  |        TOTAL TXN           |          APP TUNAI         |        APP TRASFER         |APP SALDO |DECL SALDO|DECL TUNAI|DECL TRNFR|DECL BEBAS|
|           ---------------------------------------------------------------------------------------|          |          |          |          |          |
|           |    TXN   |         IDR     |    TXN   |      IDR        |    TXN   |      IDR        |          |          |          |          |          |
-----------------------------------------------------------------------------------------------------------------------------------------------------------
|BANK MEGA  |       187|       63,300,000|       118|       63,300,000|        19|       52,655,000|        23|        14|        21|         0|        11|
|HSBC IN    |       537|      268,100,000|       369|      268,100,000|        87|      324,281,689|        81|         7|        23|         0|        54|
|PERMATA    |         0|                0|         0|                0|         0|                0|         0|         0|         0|         0|         0|
|BUMI ARTA  |       148|       73,150,000|        97|       73,150,000|        41|      157,871,210|        31|         1|        13|         0|         5|
|MUAMALAT   |     1,513|      875,800,000|     1,127|      875,800,000|       204|      558,926,587|       206|        24|       105|         0|        36|
|MAYAPADA   |       881|      508,250,000|       730|      508,250,000|        94|      411,161,727|        65|         9|        41|         0|        33|
|T O K Y O  |         0|                0|         0|                0|         0|                0|         0|         0|         0|         0|         0|
|J A B A R  |       294|      117,150,000|       182|      117,150,000|        24|       81,985,000|        54|         5|        43|         0|        12|
|BUKOPIN    |     1,045|      396,050,000|       635|      396,050,000|       123|      371,241,419|       220|        24|        70|         0|       110|
|JATENG     |       824|      414,950,000|       602|      414,950,000|        81|      225,526,357|       139|        13|        42|         0|        30|
|NUSANTARA  |         0|                0|         0|                0|         0|                0|         0|         0|         0|         0|         0|
|SUMSELBABL |       902|      428,600,000|       626|      428,600,000|        89|      190,222,924|       178|        21|        53|         0|        29|
|B  R  I    |    48,627|   17,359,220,000|    29,647|   17,359,220,000|     4,755|    8,693,223,824|    10,868|     1,405|     4,692|         3|     2,321|
|JASA JKRTA |       153|      101,500,000|       124|      101,500,000|        35|       68,932,284|        20|         1|         4|         0|         3|
|OCBC NISP  |     2,236|    1,263,100,000|     1,673|    1,263,100,000|       187|      477,714,704|       276|        38|       151|         0|       109|
|VICTORIA   |        15|        6,400,000|        12|        6,400,000|         2|        2,150,000|         1|         0|         0|         0|         2|
|BCA SYARH  |         1|                0|         0|                0|       112|      123,657,700|         0|         0|         0|         0|         3|
|BPD KALTIM |       341|      160,900,000|       237|      160,900,000|        29|       74,366,967|        63|        15|        12|         0|        11|
|BPD BNTEN  |       364|      217,900,000|       263|      217,900,000|        61|      145,693,809|        66|         7|        20|         0|        11|
|ANZ INDONE |         0|                0|         0|                0|         0|                0|         0|         0|         0|         0|         0|
|UOB INDSIA |       581|      396,700,000|       471|      396,700,000|        73|      335,362,182|        58|         4|        26|         0|        18|
|PAPUA      |       549|      286,100,000|       369|      286,100,000|        61|      266,283,680|        99|        14|        46|         0|        21|
|MEGA SYARH |       187|       63,300,000|       118|       63,300,000|        19|       52,655,000|        23|        14|        21|         0|        11|
|RABOBANK   |         5|                0|         0|                0|         0|                0|         0|         0|         0|         0|         5|
|MASPION    |       213|      122,350,000|       165|      122,350,000|        29|       97,793,022|        25|         2|         4|         0|        16|
|SY MANDIRI |     2,344|    1,104,500,000|     1,775|    1,104,500,000|       198|      413,077,684|       320|        39|       112|         0|        95|
|ROYAL      |         0|                0|         0|                0|         0|                0|         0|         0|         0|         0|         0|
|SBI INDNSA |        43|       22,950,000|        32|       22,950,000|         6|       28,364,000|         5|         1|         3|         0|         2|
|MAYBANK ID |         0|                0|         0|                0|         0|                0|         0|         0|         0|         0|         0|
|SINAR MAS  |     2,115|    1,126,450,000|     1,684|    1,126,450,000|       148|      510,639,028|       201|        36|       144|         0|        56|
|CCB INDSIA |     1,145|      469,050,000|       815|      469,050,000|       105|      233,239,925|       214|         8|        45|         0|        57|
|COMMONWEAL |       481|      230,800,000|       332|      230,800,000|        79|      357,068,494|        63|         7|        36|         0|        45|
|MANDIRI    |    32,751|   14,375,300,000|    22,907|   14,375,300,000|     2,616|    6,112,573,487|     5,573|       645|     2,312|         1|     1,380|
|ARTHA GRHA |     1,136|      494,950,000|       708|      494,950,000|       104|      275,155,000|       128|        39|       230|         0|        61|
|BPD DIY    |       128|       65,400,000|        96|       65,400,000|        16|       62,675,000|        26|         0|         4|         0|         3|
|BRI SYARH  |     1,699|      716,300,000|     1,235|      716,300,000|       140|      194,202,107|       278|        15|       130|         0|        47|
|CTBC INDNS |        88|       72,850,000|        85|       72,850,000|        10|       42,014,000|         2|         0|         0|         0|         3|
|CIMB NIAGA |     5,593|    2,329,350,000|     4,022|    2,329,350,000|       507|      881,688,398|       868|        87|       508|         1|       162|
|D K I      |     7,288|    1,355,900,000|     2,395|    1,355,900,000|        68|      225,001,000|     2,624|       243|       225|         0|     1,658|
|H A N A    |     1,296|      652,900,000|       996|      652,900,000|       106|      233,702,321|       243|         7|        36|         0|        20|
|J A T I M  |     3,590|    1,753,250,000|     2,902|    1,753,250,000|       199|      552,321,438|       352|        53|       155|         0|       120|
|KALBAR     |       175|       72,100,000|       113|       72,100,000|        12|       50,634,000|        38|         9|        12|         0|         5|
|JTRUST IND |       202|      113,350,000|       162|      113,350,000|        17|      101,245,000|        19|         3|        12|         0|         7|
|R I A U    |       466|      211,350,000|       320|      211,350,000|        50|      120,925,388|        90|        11|        37|         0|         1|
|SAHABAT    |       161|       94,600,000|       131|       94,600,000|        27|      161,244,500|        17|         0|        11|         0|         2|
|SULSELBAR  |       436|      154,950,000|       272|      154,950,000|        17|       24,737,000|       120|         5|        19|         0|        19|
|TABUNGAN   |     5,654|    1,919,850,000|     4,005|    1,919,850,000|       135|      365,699,864|       642|       118|       491|         0|       406|
|NAGARI     |       153|       78,150,000|       101|       78,150,000|        13|       29,997,901|        28|         4|         9|         0|        10|
|IBK BANK   |        64|       29,600,000|        39|       29,600,000|         7|       34,320,000|         7|         0|        13|         0|         6|
|B N I      |    20,134|    7,501,500,000|    13,421|    7,501,500,000|     1,793|   14,775,069,716|     3,795|       633|     1,329|         1|     1,060|
|SY BUKOPIN |        74|       34,200,000|        48|       34,200,000|        14|       66,620,000|        12|         1|         8|         0|         6|
-----------------------------------------------------------------------------------------------------------------------------------------------------------
-----------------------------------------------------------------------------------------------------------------------------------------------------------
| T O T A L |   146,819|   58,102,420,000|    96,161|   58,102,420,000|    12,512|   38,563,920,336|    28,161|     3,582|    11,268|         6|     8,082|
-----------------------------------------------------------------------------------------------------------------------------------------------------------


           TRANSAKSI SWITCHING ATM NASABAH BCA DI ATM BANK LAIN
                        DATA TANGGAL 05/01/2020

-----------------------------------------------------------------------------------------------------------------------------------------------------------
| B A N K   |         TOTAL TXN          |          APP TUNAI         |        APP TRASFER         |APP SALDO |DECL SALDO|DECL TUNAI|DECL TRNFR|DECL BEBAS|
|           ---------------------------------------------------------------------------------------|          |          |          |          |          |
|           |    TXN   |       IDR       |    TXN   |      IDR        |    TXN   |      IDR        |          |          |          |          |          |
-----------------------------------------------------------------------------------------------------------------------------------------------------------
|PERMATA    |        10|                0|         0|                0|       179|      471,445,135|         0|         0|         0|         0|        13|
|BUKOPIN    |     1,038|      424,850,000|       755|      424,850,000|       114|      237,839,936|       141|        11|        75|         0|        60|
|SUMSELBABL |       953|      494,600,000|       575|      494,600,000|        69|      106,759,788|       223|        31|        83|         0|        38|
|B R I      |    64,579|   23,544,350,000|    43,848|   23,544,350,000|    15,762|   31,163,532,800|    12,041|     1,463|     3,463|         1|     4,622|
|OCBC NISP  |       910|      391,350,000|       708|      391,350,000|        63|      216,613,300|       114|        10|        47|         0|        26|
|BPD KALTIM |       388|      251,300,000|       275|      251,300,000|        33|      192,740,309|        51|        11|        24|         0|        25|
|BPD BNTEN  |       420|      146,200,000|       290|      146,200,000|         6|        5,377,794|        60|         8|        31|         0|        31|
|ANZ INDONE |         0|                0|         0|                0|         0|                0|         0|         0|         0|         0|         0|
|UOB INDSIA |        62|       22,200,000|        49|       22,200,000|         5|       10,255,000|         6|         0|         4|         0|         3|
|P A P U A  |       162|       60,850,000|       108|       60,850,000|        27|       49,595,845|        35|         0|        14|         0|         6|
|MEGA SYARH |        13|        7,750,000|        12|        7,750,000|         0|                0|         1|         0|         0|         0|         0|
|RABOBANK   |         0|                0|         0|                0|         0|                0|         0|         0|         0|         0|         0|
|MASPION    |        15|        5,600,000|         8|        5,600,000|         0|                0|         4|         0|         3|         0|         0|
|HSBC INSIA |        50|       33,600,000|        41|       33,600,000|         0|                0|         7|         1|         0|         0|         1|
|ATM PRIMA  |         0|                0|         0|                0|         0|                0|         0|         0|         0|         0|         0|
|M E G A    |        13|        7,750,000|        12|        7,750,000|         0|                0|         1|         0|         0|         0|         0|
|SY MANDIRI |       905|      376,480,000|       681|      376,480,000|        48|      161,223,588|       132|        19|        44|         0|        31|
|SINARMAS   |       495|      272,100,000|       364|      272,100,000|        32|       56,022,527|        66|         9|        31|         0|        26|
|MAYBANK ID |         2|                0|         0|                0|        24|      121,450,000|         0|         0|         0|         0|         0|
|MANDIRI    |    47,847|   22,903,030,000|    36,843|   22,903,030,000|     3,288|    6,314,212,210|     4,668|       569|     4,193|         3|     1,599|
|ARTHA GRHA |         1|                0|         0|                0|         2|       15,000,000|         0|         0|         0|         0|         0|
|BPD DIY    |       570|      261,200,000|       444|      261,200,000|        32|       30,714,542|        82|         1|        33|         0|        11|
|BRI SYARH  |       439|      209,400,000|       326|      209,400,000|        28|       53,386,000|        60|        20|        21|         0|        13|
|CTBC INDSA |         1|          100,000|         1|          100,000|         0|                0|         0|         0|         0|         0|         0|
|CIMB NIAGA |    11,944|    5,192,900,000|     9,441|    5,192,900,000|       633|    1,080,498,034|     1,176|       145|       858|         0|       319|
|D K I      |     1,612|      599,210,000|     1,174|      599,210,000|        68|       61,425,401|       226|        57|       126|         0|        32|
|J A T I M  |       691|      349,750,000|       501|      349,750,000|        31|       54,265,202|       121|        14|        38|         0|        18|
|KALBAR     |       289|      176,850,000|       196|      176,850,000|        30|       32,020,077|        53|        13|        19|         0|         9|
|JTRUST IND |        16|        8,050,000|        13|        8,050,000|         2|        2,320,000|         1|         0|         1|         0|         1|
|R I A U    |       149|       59,400,000|        95|       59,400,000|        33|       23,230,000|        29|         3|        13|         0|         7|
|SAHABAT    |         2|                0|         0|                0|         0|                0|         1|         0|         1|         0|         0|
|SULSELBAR  |       117|       62,150,000|        82|       62,150,000|         0|                0|        15|         2|         4|         0|        14|
|B T N      |        43|       24,100,000|        29|       24,100,000|       342|      539,128,000|         5|         0|         1|         0|        42|
|NAGARI     |       295|       82,100,000|       194|       82,100,000|        39|       70,812,944|        54|        13|        19|         0|        12|
|B N I      |    54,501|   26,570,520,000|    38,462|   26,570,520,000|     6,381|   11,107,841,201|     9,393|     1,104|     3,096|         3|     2,472|
|CCB INDSIA |         7|        3,300,000|         4|        3,300,000|         0|                0|         3|         0|         0|         0|         0|
-----------------------------------------------------------------------------------------------------------------------------------------------------------
-----------------------------------------------------------------------------------------------------------------------------------------------------------
| T O T A L |   188,539|   82,541,040,000|   135,531|   82,541,040,000|    27,271|   52,177,709,633|    28,769|     3,504|    12,242|         7|     9,431|
-----------------------------------------------------------------------------------------------------------------------------------------------------------


