           TRANSAKSI SWITCHING POS NASABAH BANK LAIN DI POS BCA
                        DATA TANGGAL 06/01/2020

-----------------------------------------------------------------------
| B A N K   |         TOTAL TXN          |          APP SALES         |
|           ----------------------------------------------------------|
|           |    TXN   |       IDR       |    TXN   |      IDR        |
-----------------------------------------------------------------------
|BUMI ARTA  |        27|       12,094,027|        27|       12,094,027|
|HSBC IN    |       677|      358,914,691|       677|      358,914,691|
|MUAMALAT   |     1,095|      525,727,890|     1,095|      525,727,890|
|MAYAPADA   |       189|       89,952,858|       189|       89,952,858|
|BPD JATENG |     1,185|      574,303,315|     1,185|      574,303,315|
|NUSANTARA  |         0|                0|         0|                0|
|SUMSELBABL |       789|      473,956,790|       789|      473,956,790|
|JASA JKT   |        15|        6,074,100|        15|        6,074,100|
|NISP       |     2,238|      964,434,142|     2,238|      964,434,142|
|VICTORIA   |       171|       51,137,637|       171|       51,137,637|
|BPD KALTIM |       774|      524,928,695|       774|      524,928,695|
|BPD BNTEN  |       166|       69,361,264|       166|       69,361,264|
|PAPUA      |       679|      846,010,099|       679|      846,010,099|
|JABAR      |       208|      112,717,878|       208|      112,717,878|
|MEGA SYARH |        95|       42,082,739|        95|       42,082,739|
|RABOBANK   |         0|                0|         0|                0|
|MASPION    |        54|       18,778,312|        54|       18,778,312|
|SY MANDIRI |         4|          141,400|         4|          141,400|
|ROYAL      |         0|                0|         0|                0|
|SBI INDONE |        22|       16,470,684|        22|       16,470,684|
|BPD DIY    |       466|      200,280,946|       466|      200,280,946|
|BRI SYARH  |       809|      334,915,930|       809|      334,915,930|
|CTBC INDNS |        16|        6,445,735|        16|        6,445,735|
|D K I      |         0|                0|         0|                0|
|H A N A    |       525|      210,357,775|       525|      210,357,775|
|J A T I M  |     1,633|      838,831,502|     1,633|      838,831,502|
|KALBAR     |       300|      240,941,821|       300|      240,941,821|
|JTRUST IND |        57|       22,350,754|        57|       22,350,754|
|R I A U    |       404|      248,354,151|       404|      248,354,151|
|SAHABAT    |        39|       17,792,767|        39|       17,792,767|
|SULSELBAR  |       327|      176,752,019|       327|      176,752,019|
|NAGARI     |       184|      135,224,465|       184|      135,224,465|
|CCB INSIA  |        88|       21,216,827|        88|       21,216,827|
-----------------------------------------------------------------------
-----------------------------------------------------------------------
| T O T A L |    13,245|    7,146,611,783|    13,245|    7,146,611,783|
-----------------------------------------------------------------------


           TRANSAKSI SWITCHING ATM NASABAH BANK LAIN DI ATM BCA
                        DATA TANGGAL 06/01/2020

-----------------------------------------------------------------------------------------------------------------------------------------------------------
|  B A N K  |        TOTAL TXN           |          APP TUNAI         |        APP TRASFER         |APP SALDO |DECL SALDO|DECL TUNAI|DECL TRNFR|DECL BEBAS|
|           ---------------------------------------------------------------------------------------|          |          |          |          |          |
|           |    TXN   |         IDR     |    TXN   |      IDR        |    TXN   |      IDR        |          |          |          |          |          |
-----------------------------------------------------------------------------------------------------------------------------------------------------------
|BANK MEGA  |       157|       58,200,000|        92|       58,200,000|        29|       82,387,251|        23|        16|        18|         0|         9|
|HSBC IN    |       478|      283,550,000|       320|      283,550,000|       118|      535,050,716|        84|         6|        16|         0|        41|
|PERMATA    |         0|                0|         0|                0|         0|                0|         0|         0|         0|         0|         0|
|BUMI ARTA  |       138|       59,100,000|        82|       59,100,000|        44|      128,995,000|        37|         0|        11|         0|         8|
|MUAMALAT   |     1,597|      911,750,000|     1,160|      911,750,000|       219|      585,278,694|       252|        23|        94|         0|        68|
|MAYAPADA   |       913|      601,550,000|       698|      601,550,000|       141|      673,857,834|        85|         5|        47|         0|        89|
|T O K Y O  |         0|                0|         0|                0|         0|                0|         0|         0|         0|         0|         0|
|J A B A R  |       260|      110,550,000|       164|      110,550,000|        29|      114,103,500|        50|         3|        35|         0|        14|
|BUKOPIN    |     1,337|      529,550,000|       779|      529,550,000|       171|      519,464,100|       296|        33|        86|         0|       125|
|JATENG     |       860|      418,050,000|       567|      418,050,000|        90|      281,223,300|       162|        18|        45|         0|        63|
|NUSANTARA  |         0|                0|         0|                0|         0|                0|         0|         0|         0|         0|         0|
|SUMSELBABL |       772|      432,100,000|       534|      432,100,000|       102|      229,600,091|       159|        23|        34|         0|        22|
|B  R  I    |    52,341|   19,628,590,000|    31,091|   19,628,590,000|     6,130|   14,255,790,101|    12,349|     1,795|     5,049|         1|     2,383|
|JASA JKRTA |       165|       83,100,000|       122|       83,100,000|        65|      147,093,500|        28|         0|        10|         0|         8|
|OCBC NISP  |     7,205|    7,195,260,000|     5,121|    7,195,260,000|       732|    1,875,059,489|     1,259|       118|       471|         0|       284|
|VICTORIA   |        24|       13,750,000|        17|       13,750,000|         2|        4,000,000|         2|         0|         4|         0|         3|
|BCA SYARH  |         9|                0|         0|                0|       143|      251,731,607|         0|         0|         0|         0|         8|
|BPD KALTIM |       321|      159,100,000|       214|      159,100,000|        70|      211,646,210|        73|         7|        14|         0|        11|
|BPD BNTEN  |       282|      157,550,000|       196|      157,550,000|        53|      138,506,199|        55|        12|        13|         0|         9|
|ANZ INDONE |         0|                0|         0|                0|         0|                0|         0|         0|         0|         0|         0|
|UOB INDSIA |       600|      433,600,000|       438|      433,600,000|        88|      480,475,090|        97|        11|        38|         0|        18|
|PAPUA      |       692|      349,800,000|       405|      349,800,000|        86|      468,338,661|       170|        21|        60|         0|        34|
|MEGA SYARH |       157|       58,200,000|        92|       58,200,000|        29|       82,387,251|        23|        16|        18|         0|         9|
|RABOBANK   |         0|                0|         0|                0|         0|                0|         0|         0|         0|         0|         0|
|MASPION    |       229|      134,500,000|       165|      134,500,000|        40|      116,065,091|        39|         4|         4|         0|        12|
|SY MANDIRI |     2,501|    1,278,450,000|     1,716|    1,278,450,000|       342|      665,423,592|       477|        65|       141|         0|       103|
|ROYAL      |         3|                0|         0|                0|         0|                0|         0|         0|         0|         0|         3|
|SBI INDNSA |        49|       33,950,000|        38|       33,950,000|         7|       48,340,000|         5|         0|         2|         1|         4|
|MAYBANK ID |         0|                0|         0|                0|         0|                0|         0|         0|         0|         0|         0|
|SINAR MAS  |     1,984|    1,103,650,000|     1,426|    1,103,650,000|       218|      689,180,939|       284|        48|       167|         0|        73|
|CCB INDSIA |     1,586|      771,050,000|     1,087|      771,050,000|       205|      516,664,380|       398|        17|        51|         0|        36|
|COMMONWEAL |       504|      240,100,000|       297|      240,100,000|       108|      356,910,213|        68|        19|        41|         0|        68|
|MANDIRI    |    37,324|   18,551,550,000|    24,715|   18,551,550,000|     3,537|    9,444,306,212|     7,217|       936|     2,743|         2|     1,734|
|ARTHA GRHA |     1,072|      530,050,000|       672|      530,050,000|       125|      424,365,865|       150|        26|       188|         0|        63|
|BPD DIY    |       159|       69,500,000|        88|       69,500,000|        27|       92,304,712|        35|         3|        15|         0|        18|
|BRI SYARH  |     1,706|      738,600,000|     1,182|      738,600,000|       199|      449,995,713|       327|         7|       139|         0|        63|
|CTBC INDNS |       227|      203,150,000|       187|      203,150,000|        34|      151,457,000|        23|         1|         8|         0|         9|
|CIMB NIAGA |     5,855|    2,477,400,000|     3,958|    2,477,400,000|       712|    1,901,350,352|     1,068|       164|       535|         0|       200|
|D K I      |     5,622|      876,950,000|     1,586|      876,950,000|        91|      204,499,307|     1,915|       303|       246|         1|     1,434|
|H A N A    |     2,239|    1,637,450,000|     1,570|    1,637,450,000|       242|      546,626,010|       509|        18|        89|         0|        64|
|J A T I M  |     3,681|    1,766,100,000|     2,733|    1,766,100,000|       292|      794,074,122|       486|       105|       219|         0|       146|
|KALBAR     |       185|       73,550,000|       108|       73,550,000|        21|       76,680,000|        48|         2|        14|         0|        15|
|JTRUST IND |       242|      122,200,000|       170|      122,200,000|        28|       95,901,685|        35|         2|        22|         0|        14|
|R I A U    |       417|      208,000,000|       266|      208,000,000|        55|      164,927,503|        99|        13|        24|         0|        17|
|SAHABAT    |       166|      116,150,000|       133|      116,150,000|        34|      197,238,351|        24|         0|         4|         0|         6|
|SULSELBAR  |       491|      157,750,000|       256|      157,750,000|        26|       50,969,768|       169|        12|        23|         0|        31|
|TABUNGAN   |     6,220|    2,291,480,000|     4,227|    2,291,480,000|       194|      618,870,117|       799|       201|       595|         0|       420|
|NAGARI     |        88|       47,350,000|        60|       47,350,000|        12|       35,103,378|        22|         1|         2|         0|         3|
|IBK BANK   |        90|       72,950,000|        64|       72,950,000|         6|       35,600,000|         7|         1|        15|         0|         4|
|B N I      |    23,404|   10,056,550,000|    14,710|   10,056,550,000|     2,578|   11,575,483,616|     4,927|       944|     1,670|         0|     1,306|
|SY BUKOPIN |        88|       38,600,000|        62|       38,600,000|        13|       53,575,000|        14|         2|         6|         0|         3|
-----------------------------------------------------------------------------------------------------------------------------------------------------------
-----------------------------------------------------------------------------------------------------------------------------------------------------------
| T O T A L |   164,440|   75,080,380,000|   103,568|   75,080,380,000|    17,487|   50,370,901,520|    34,349|     5,001|    13,026|         5|     9,055|
-----------------------------------------------------------------------------------------------------------------------------------------------------------


           TRANSAKSI SWITCHING ATM NASABAH BCA DI ATM BANK LAIN
                        DATA TANGGAL 06/01/2020

-----------------------------------------------------------------------------------------------------------------------------------------------------------
| B A N K   |         TOTAL TXN          |          APP TUNAI         |        APP TRASFER         |APP SALDO |DECL SALDO|DECL TUNAI|DECL TRNFR|DECL BEBAS|
|           ---------------------------------------------------------------------------------------|          |          |          |          |          |
|           |    TXN   |       IDR       |    TXN   |      IDR        |    TXN   |      IDR        |          |          |          |          |          |
-----------------------------------------------------------------------------------------------------------------------------------------------------------
|PERMATA    |        14|                0|         0|                0|       520|    1,208,293,517|         0|         0|         0|         0|        31|
|BUKOPIN    |     1,402|      658,050,000|     1,025|      658,050,000|       184|      425,950,425|       218|        27|        91|         0|        47|
|SUMSELBABL |     1,091|      652,950,000|       678|      652,950,000|        78|      268,573,550|       254|        32|        90|         0|        43|
|B R I      |    69,923|   24,919,100,000|    44,864|   24,919,100,000|    19,246|   45,394,857,982|    15,363|     2,216|     3,624|         1|     4,965|
|OCBC NISP  |     1,433|      616,450,000|       869|      616,450,000|       289|      823,325,662|       353|        88|        74|         0|        60|
|BPD KALTIM |       474|      265,200,000|       345|      265,200,000|        43|       84,548,518|        72|         6|        31|         0|        19|
|BPD BNTEN  |       684|      306,650,000|       478|      306,650,000|        20|       32,059,464|       100|        21|        40|         0|        45|
|ANZ INDONE |         0|                0|         0|                0|         0|                0|         0|         0|         0|         0|         0|
|UOB INDSIA |       150|       73,700,000|       116|       73,700,000|        13|       37,815,675|        18|         1|         9|         0|         7|
|P A P U A  |       225|       68,450,000|       138|       68,450,000|        20|       34,735,058|        51|         9|        21|         0|         9|
|MEGA SYARH |        16|        5,750,000|        14|        5,750,000|         1|        2,190,000|         1|         1|         0|         0|         0|
|RABOBANK   |         0|                0|         0|                0|         0|                0|         0|         0|         0|         0|         0|
|MASPION    |        25|       20,900,000|        20|       20,900,000|         7|        5,915,000|         2|         0|         1|         0|         2|
|HSBC INSIA |        79|       57,000,000|        63|       57,000,000|         5|       35,500,000|        10|         0|         3|         0|         3|
|ATM PRIMA  |         0|                0|         0|                0|         0|                0|         0|         0|         0|         0|         0|
|M E G A    |        16|        5,750,000|        14|        5,750,000|         1|        2,190,000|         1|         1|         0|         0|         0|
|SY MANDIRI |     1,309|      611,920,000|       966|      611,920,000|        80|      156,967,537|       195|        20|        78|         1|        50|
|SINARMAS   |       715|      423,400,000|       510|      423,400,000|        80|      146,062,023|       102|        17|        45|         0|        46|
|MAYBANK ID |         4|                0|         0|                0|        53|      224,966,000|         0|         0|         0|         0|         4|
|MANDIRI    |    54,846|   27,420,820,000|    41,580|   27,420,820,000|     4,683|   10,722,300,069|     5,909|       882|     4,751|         7|     1,879|
|ARTHA GRHA |         0|                0|         0|                0|         5|       35,500,000|         0|         0|         0|         0|         1|
|BPD DIY    |       704|      315,450,000|       521|      315,450,000|        41|       31,982,165|       122|        10|        42|         0|        15|
|BRI SYARH  |       551|      247,600,000|       379|      247,600,000|        60|      119,751,620|        98|        16|        37|         0|        20|
|CTBC INDSA |        23|       12,100,000|        18|       12,100,000|         0|                0|         2|         0|         1|         0|         2|
|CIMB NIAGA |    13,319|    5,954,700,000|    10,190|    5,954,700,000|       967|    2,451,302,598|     1,467|       206|     1,040|         1|       429|
|D K I      |     2,600|    1,219,940,000|     1,981|    1,219,940,000|       747|    2,685,559,252|       302|        83|       172|         0|        70|
|J A T I M  |     1,046|      502,400,000|       702|      502,400,000|        57|      158,237,855|       166|        26|        90|         0|        60|
|KALBAR     |       320|      185,800,000|       212|      185,800,000|        38|      127,969,250|        56|        11|        30|         0|        10|
|JTRUST IND |        44|       11,750,000|        31|       11,750,000|         1|        1,250,000|         7|         1|         4|         0|         1|
|R I A U    |       203|       97,250,000|       136|       97,250,000|        19|       27,187,000|        37|         3|        19|         0|         6|
|SAHABAT    |         8|          650,000|         4|          650,000|         2|       11,450,000|         0|         0|         3|         0|         1|
|SULSELBAR  |       173|       81,000,000|       104|       81,000,000|         0|                0|        27|         6|        19|         0|        17|
|B T N      |        93|       33,050,000|        65|       33,050,000|       229|      454,185,700|         7|         1|         2|         0|        43|
|NAGARI     |       340|      118,850,000|       238|      118,850,000|        47|       68,076,688|        71|         8|        15|         0|        12|
|B N I      |    61,255|   30,867,600,000|    42,379|   30,867,600,000|     7,991|   16,571,420,528|    11,118|     1,488|     3,667|         0|     2,868|
|CCB INDSIA |        39|       12,400,000|        27|       12,400,000|         8|        9,950,117|         6|         2|         3|         0|         1|
-----------------------------------------------------------------------------------------------------------------------------------------------------------
-----------------------------------------------------------------------------------------------------------------------------------------------------------
| T O T A L |   213,124|   95,766,630,000|   148,667|   95,766,630,000|    35,535|   82,360,073,253|    36,135|     5,182|    14,002|        10|    10,766|
-----------------------------------------------------------------------------------------------------------------------------------------------------------


