date|jcbint|masterint|visaint|jcblok|masterlok|visalok|jcbon|masteron|visaon|smart|bca|Nomjcbint|Nommasterint|Nomvisaint|Nomjcblok|Nommasterlok|Nomvisalok|Nomjcbon|Nommasteron|Nomvisaon|Nomsmart|Nombca|TotTxn|TotNom|bln|mth
12/31/2018|7853|84914|132543|467|0|0|0|25243|54655|61|67333|20362418556.00|90739287541.00|119020077240.00|329603856.00|0.00|0.00|0|12399848499.00|33415525135.00|25889215.00|31643839770.00|373069|307936489812.00|DEC2018|2018-12
01/01/2019|7408|80432|127015|445|0|0|0|23944|53719|51|61189|16343495980.00|81895794599.00|105817754395.00|389289580.00|0.00|0.00|0|11646011301.00|32268098164.00|26119351.00|27120894506.00|354203|275507457876.00|JAN2019|2019-01
01/02/2019|7252|69216|107668|360|0|0|0|19260|44416|65|47707|21001935627.00|87357929719.00|114706694926.00|240768425.00|0.00|0.00|0|9468764540.00|28366958073.00|142892890.00|24223616509.00|295944|285509560709.00|JAN2019|2019-01
01/03/2019|6780|66109|104200|355|0|0|0|18949|43306|68|46862|20180057676.00|79058783453.00|103934836793.00|309043311.00|0.00|0.00|0|9224047586.00|27687164495.00|280406636.00|24858598507.00|286629|265532938457.00|JAN2019|2019-01
01/04/2019|6509|70051|109680|360|0|0|0|20941|47772|59|51482|18370766816.00|79890777416.00|102677971465.00|386874498.00|0.00|0.00|0|10162281156.00|29641686626.00|42423195.00|26572738465.00|306854|267745519637.00|JAN2019|2019-01
01/05/2019|7235|85548|139120|561|0|0|0|27820|62510|79|67670|18957629557.00|81333451160.00|118058452055.00|515052753.00|0.00|0.00|0|13032950153.00|36453719215.00|83975203.00|33781409971.00|390543|302216640067.00|JAN2019|2019-01
01/06/2019|6286|81402|135168|540|0|0|0|28021|62473|89|70429|12826177350.00|71510463226.00|102623580705.00|457575817.00|0.00|0.00|0|12676359983.00|35484219481.00|60386469.00|32276936963.00|384408|267915699994.00|JAN2019|2019-01
01/07/2019|5116|58020|91707|287|0|0|0|16908|40039|41|45867|14240028192.00|66492760957.00|91170151614.00|261128366.00|0.00|0.00|0|8126700906.00|25848952726.00|51029444.00|25212116590.00|257985|231402868795.00|JAN2019|2019-01
01/08/2019|4956|57582|90656|324|0|0|0|17000|39504|40|41853|12729024871.00|62443576582.00|89343905082.00|376387903.00|0.00|0.00|0|8302246134.00|26344325800.00|49159961.00|22715893567.00|251915|222304519900.00|JAN2019|2019-01
01/09/2019|5066|58253|93205|330|0|0|0|17314|40822|64|42942|13341663140.00|63898395510.00|89295461459.00|309816312.00|0.00|0.00|0|8242203454.00|26462810715.00|110312790.00|23533638589.00|257996|225194301969.00|JAN2019|2019-01
01/10/2019|5724|60179|95788|391|0|0|0|18607|43151|63|45018|12903020575.00|67001205277.00|92012183842.00|321899662.00|0.00|0.00|0|8972822608.00|28163256559.00|254424836.00|24245004911.00|268921|233873818270.00|JAN2019|2019-01
01/11/2019|5743|65525|104174|404|0|0|0|20957|48328|58|51453|16045644187.00|67231951799.00|95154439748.00|344672459.00|0.00|0.00|0|10410004955.00|31467454471.00|40768420.00|26098198287.00|296642|246793134326.00|JAN2019|2019-01
01/12/2019|6351|85954|142629|615|0|0|0|30560|68352|63|71931|12784810885.00|77645872392.00|119288470679.00|555925943.00|0.00|0.00|0|14618272874.00|41411351069.00|99168568.00|37193681022.00|406455|303597553432.00|JAN2019|2019-01
01/13/2019|5964|80637|135663|629|0|0|0|29578|67504|71|74579|12520700584.00|66337189973.00|99507795413.00|533252661.00|0.00|0.00|0|13849418706.00|39014875789.00|42705285.00|33576115981.00|394625|265382054392.00|JAN2019|2019-01
01/14/2019|4729|56766|91860|315|0|0|0|17903|42002|74|48089|12201834416.00|58707383621.00|86068743354.00|320366288.00|0.00|0.00|0|9004828416.00|28474295307.00|162032740.00|25012107374.00|261738|219951591516.00|JAN2019|2019-01
01/15/2019|5661|56910|92534|344|0|0|0|18131|42329|58|44595|12201732482.00|61006873769.00|89807169641.00|279928332.00|0.00|0.00|0|8784882789.00|28639139383.00|43359840.00|24911909066.00|260562|225674995302.00|JAN2019|2019-01
01/16/2019|5555|57903|94212|294|0|0|0|17780|42369|52|43929|14159668946.00|62065135880.00|86410765869.00|289179607.00|0.00|0.00|0|8420807552.00|28785437142.00|187718289.00|23278068042.00|262094|223596781327.00|JAN2019|2019-01
01/17/2019|5957|58262|95217|311|0|0|0|18135|43136|50|44418|15763677165.00|60543651718.00|90234633151.00|270024729.00|0.00|0.00|0|8727350748.00|29017465481.00|43660767.00|23644343308.00|265486|228244807067.00|JAN2019|2019-01
01/18/2019|6312|65045|105213|387|0|0|0|20727|48864|53|51074|16664131472.00|66910053749.00|99502082099.00|330524856.00|0.00|0.00|0|10662632113.00|31486366082.00|70242120.00|26170723333.00|297675|251796755824.00|JAN2019|2019-01
01/19/2019|7070|86664|146111|653|0|0|0|30675|68814|64|73257|15080365504.00|77146158520.00|122625946703.00|675600020.00|0.00|0.00|0|15154472368.00|41435231222.00|46956877.00|36827334739.00|413308|308992065953.00|JAN2019|2019-01
01/20/2019|6430|83731|142028|609|0|0|0|30572|69525|61|77582|11345466817.00|66684001653.00|105551994182.00|454857613.00|0.00|0.00|0|14540428450.00|40987878757.00|45316914.00|36010799980.00|410538|275620744366.00|JAN2019|2019-01
01/21/2019|4375|55254|87947|222|0|0|0|17431|41083|58|46199|10551740180.00|58903044954.00|84694823151.00|380591882.00|0.00|0.00|0|8428842956.00|27980767012.00|68738809.00|25104207570.00|252569|216112756514.00|JAN2019|2019-01
01/22/2019|5070|57044|92411|205|0|0|0|18385|43120|55|44249|12906670533.00|57575620446.00|87544447815.00|206037629.00|0.00|0.00|0|8644930667.00|27459749839.00|54000891.00|24067712710.00|260539|218459170530.00|JAN2019|2019-01
01/23/2019|5677|59417|95629|337|0|0|0|18484|44280|66|45424|14015487716.00|59340671495.00|91254034286.00|303127611.00|0.00|0.00|0|8883137982.00|29864729782.00|416289245.00|25428609962.00|269314|229506088079.00|JAN2019|2019-01
01/24/2019|5846|58177|94943|332|0|0|0|18200|43966|58|45058|14331498983.00|62696536663.00|92929017239.00|301004204.00|0.00|0.00|0|8727201619.00|28898271836.00|59369874.00|24843738774.00|266580|232786639192.00|JAN2019|2019-01
01/25/2019|6507|65418|106086|406|0|0|0|21591|51074|45|53861|18377941082.00|70143561243.00|102083897284.00|418517920.00|0.00|0.00|0|10661667912.00|33897514157.00|76591282.00|29262927182.00|304988|264922618062.00|JAN2019|2019-01
01/26/2019|6537|90223|149179|693|0|0|0|31724|72018|71|77566|13540010914.00|80766431105.00|127580801563.00|674781043.00|0.00|0.00|0|15662375248.00|46480686265.00|118720222.00|41983306017.00|428011|326807112377.00|JAN2019|2019-01
01/27/2019|6115|86579|145994|663|0|0|0|31795|73662|73|81156|11469646848.00|71638707895.00|112438122165.00|548780163.00|0.00|0.00|0|15638227037.00|45141333375.00|47050829.00|39562016526.00|426037|296483884838.00|JAN2019|2019-01
01/28/2019|5182|58704|94945|330|0|0|0|18632|45074|47|50511|14381278850.00|63416542794.00|91985918935.00|327240223.00|0.00|0.00|0|9734921327.00|30488300959.00|52457988.00|28168996524.00|273425|238555657600.00|JAN2019|2019-01
01/29/2019|5549|59398|97532|347|0|0|0|19227|45576|63|47770|12579104267.00|62173833514.00|93168525443.00|357777819.00|0.00|0.00|0|10015962755.00|30378414825.00|145516602.00|28012567040.00|275462|236831702265.00|JAN2019|2019-01
01/30/2019|5574|60691|98168|374|0|0|0|18694|45489|53|46388|12838520579.00|64331512863.00|95292871251.00|408622297.00|0.00|0.00|0|9405096587.00|31613208983.00|217288660.00|27257741687.00|275431|241364862907.00|JAN2019|2019-01
01/31/2019|5920|61337|100554|341|0|0|0|18958|45745|69|47172|17400045832.00|69602797397.00|103643019203.00|378864214.00|0.00|0.00|0|10407983410.00|32313449693.00|124115139.00|26919600689.00|280096|260789875577.00|JAN2019|2019-01
02/01/2019|5865|67908|110199|405|0|0|0|21481|50616|46|52563|17323599417.00|70948452937.00|104566155544.00|341017291.00|0.00|0.00|0|10483312451.00|33666971068.00|49134018.00|27934690633.00|309083|265313333359.00|FEB2019|2019-02
02/02/2019|6857|93385|155150|591|0|0|0|31016|71724|61|77230|13753856726.00|85275981831.00|137016858981.00|501617795.00|0.00|0.00|0|15612659504.00|46740103626.00|60886054.00|39941630778.00|436014|338903595295.00|FEB2019|2019-02
02/03/2019|6618|90958|155216|693|0|0|0|32728|75727|96|83366|12598100451.00|74409326912.00|115703914731.00|522996644.00|0.00|0.00|0|16165812964.00|45501837203.00|71276981.00|39394134831.00|445402|304367400717.00|FEB2019|2019-02
02/04/2019|5667|72371|119075|444|0|0|0|23786|54483|76|63539|12164902850.00|73385049266.00|108604501728.00|347886747.00|0.00|0.00|0|12515024873.00|37130394652.00|67647618.00|33713985740.00|339441|277929393474.00|FEB2019|2019-02
02/05/2019|6244|74786|119228|531|0|0|0|21756|47947|48|56369|12922242396.00|68366079661.00|96919643795.00|414402772.00|0.00|0.00|0|10384360924.00|28349448230.00|40518750.00|25993357230.00|326909|243390053758.00|FEB2019|2019-02
02/06/2019|5648|59558|95783|342|0|0|0|17663|42370|60|44025|13402655699.00|66508601488.00|92495445082.00|288682805.00|0.00|0.00|0|8478792606.00|27364477656.00|135362726.00|23947627887.00|265449|232621645949.00|FEB2019|2019-02
02/07/2019|5716|59776|97806|331|0|0|0|18030|43167|81|44243|13560349097.00|63031701431.00|93485182926.00|390547564.00|0.00|0.00|0|8711886792.00|28551761776.00|320788299.00|23968630944.00|269150|232020848829.00|FEB2019|2019-02
02/08/2019|5756|66621|106600|359|0|0|0|20289|47274|61|49073|13032969290.00|73354066512.00|102759285206.00|405118162.00|0.00|0.00|0|9821054863.00|32373838131.00|56009406.00|26406545667.00|296033|258208887237.00|FEB2019|2019-02
02/09/2019|6639|85989|141743|550|0|0|0|27738|64585|67|66390|13391738472.00|81203806739.00|119758362764.00|488057481.00|0.00|0.00|0|13560450620.00|40210541482.00|39914304.00|34218645739.00|393701|302871517601.00|FEB2019|2019-02
02/10/2019|6421|79877|134243|565|0|0|0|27101|63447|68|67867|11508568759.00|68047817850.00|102486136708.00|421191100.00|0.00|0.00|0|12506903187.00|36308298618.00|59527510.00|30072432442.00|379589|261410876174.00|FEB2019|2019-02
02/11/2019|5035|57013|90350|287|0|0|0|16404|40167|64|43968|11981911104.00|64944296782.00|85496595851.00|242268026.00|0.00|0.00|0|7912163198.00|59006647124.00|99495940.00|24459587513.00|253288|254142965538.00|FEB2019|2019-02
02/12/2019|5289|55587|89428|327|0|0|0|17230|41453|40|43169|12398780455.00|60391216084.00|85695124692.00|349513861.00|0.00|0.00|0|8446925919.00|53478975245.00|47645083.00|24959767368.00|252523|245767948707.00|FEB2019|2019-02
02/13/2019|5805|59746|95888|360|0|0|0|18385|43700|46|46289|12243670822.00|62861451644.00|89269615291.00|436043024.00|0.00|0.00|0|8834287520.00|31378128102.00|140942390.00|24723963161.00|270219|229888101954.00|FEB2019|2019-02
02/14/2019|6272|63716|103795|411|0|0|0|20337|49166|39|49098|17471634948.00|66242788375.00|96401779472.00|368056196.00|0.00|0.00|0|9614900288.00|37417206409.00|29369521.00|27995718302.00|292834|255541453511.00|FEB2019|2019-02
02/15/2019|6466|66097|104767|404|0|0|0|20118|48774|58|50235|15904442673.00|68755773345.00|98036878608.00|318718380.00|0.00|0.00|0|10268299127.00|60014324898.00|97724509.00|30018640954.00|296919|283414802494.00|FEB2019|2019-02
02/16/2019|7201|86674|143878|608|0|0|0|28530|67742|65|69060|14205107006.00|79708723053.00|123213948699.00|644811421.00|0.00|0.00|0|14114559646.00|67263773745.00|41451135.00|38234095648.00|403758|337426470353.00|FEB2019|2019-02
02/17/2019|6412|81394|136940|572|0|0|0|27378|65321|50|71444|11007721870.00|66364916078.00|105102339394.00|440742665.00|0.00|0.00|0|14391568547.00|75032378083.00|83941291.00|37235446775.00|389511|309659054703.00|FEB2019|2019-02
02/18/2019|5572|57103|92441|319|0|0|0|17332|41381|46|46184|12704516338.00|60331819618.00|85874995176.00|368042156.00|0.00|0.00|0|8454955070.00|28934830413.00|43049129.00|23436123172.00|260378|220148331072.00|FEB2019|2019-02
02/19/2019|5816|56556|91236|321|0|0|0|16880|41101|32|42525|12492701541.00|58387875782.00|84495200151.00|342953256.00|0.00|0.00|0|8202470951.00|28888827646.00|104486097.00|23455086561.00|254467|216369601985.00|FEB2019|2019-02
02/20/2019|6239|58038|91960|303|0|0|0|17251|41640|48|43271|14750256829.00|59390138745.00|87338190399.00|284339875.00|0.00|0.00|0|8352822336.00|28472266435.00|54718591.00|23174887503.00|258750|221817620713.00|FEB2019|2019-02
02/21/2019|6811|58568|94163|308|0|0|0|28080|62913|56|117499|17287817559.00|61270761634.00|91550187218.00|346937792.00|0.00|0.00|0|10020992630.00|32605381844.00|30392232.00|33691694713.00|368398|246804165622.00|FEB2019|2019-02
02/22/2019|7098|65434|104347|370|0|0|0|23668|55220|73|110709|20283303134.00|67668129783.00|99620445543.00|376993764.00|0.00|0.00|0|10966802161.00|35734384777.00|57029513.00|35919370784.00|366919|270626459459.00|FEB2019|2019-02
02/23/2019|7225|86100|142140|557|0|0|0|28751|67225|71|73022|15354148442.00|79172763154.00|120995023141.00|466355360.00|0.00|0.00|0|14680364571.00|43479246139.00|121728706.00|38068089015.00|405091|312337718528.00|FEB2019|2019-02
02/24/2019|6693|84227|140457|581|0|0|0|28979|67854|57|76161|10950613219.00|69209606960.00|108210682705.00|423920716.00|0.00|0.00|0|14298879443.00|42326707869.00|69581232.00|36811694570.00|405009|282301686714.00|FEB2019|2019-02
02/25/2019|5323|57090|89582|328|0|0|0|17403|42719|48|46826|12121375586.00|60646537626.00|87233126671.00|299214139.00|0.00|0.00|0|8423389854.00|27236234069.00|136497004.00|25597921246.00|259319|221694296195.00|FEB2019|2019-02
02/26/2019|5878|57401|91646|299|0|0|0|17816|43003|50|45692|14232636066.00|62286467325.00|91362228873.00|308254471.00|0.00|0.00|0|8924387652.00|29225271014.00|50963596.00|26913817697.00|261785|233304026694.00|FEB2019|2019-02
02/27/2019|6129|58805|93037|337|0|0|0|18234|44378|56|45949|16031852706.00|66786235880.00|94817238442.00|420760062.00|0.00|0.00|0|9348774882.00|30070664661.00|337108186.00|28095190429.00|266925|245907825248.00|FEB2019|2019-02
02/28/2019|6328|59514|96109|343|0|0|0|18284|44755|21|46306|15715578669.00|70561902801.00|108093616714.00|321445682.00|0.00|0.00|0|10289819843.00|33224198273.00|68276442.00|27992198334.00|271660|266267036758.00|FEB2019|2019-02
03/01/2019|6671|64702|101831|373|0|0|0|19199|46470|52|48139|16441016026.00|70197725851.00|104081532547.00|367270168.00|0.00|0.00|0|10158663776.00|31321222915.00|39005503.00|26220487617.00|287437|258826924403.00|MAR2019|2019-03
03/02/2019|6920|89800|145699|587|0|0|0|28298|66182|47|71187|13857271119.00|82773060460.00|126930237905.00|481512600.00|0.00|0.00|0|15108835240.00|42696064580.00|25630750.00|37407951239.00|408720|319280563893.00|MAR2019|2019-03
03/03/2019|6375|83531|137959|575|0|0|0|26988|64651|60|70893|12021043209.00|70758324661.00|108762268210.00|435242956.00|0.00|0.00|0|13151028958.00|39429938610.00|54212869.00|33819646670.00|391032|278431706143.00|MAR2019|2019-03
03/04/2019|5417|59348|92533|316|0|0|0|17900|42635|67|48014|12577893070.00|64003450246.00|88696474622.00|393926551.00|0.00|0.00|0|9165002879.00|28261115765.00|182480783.00|26335771933.00|266230|229616115849.00|MAR2019|2019-03
03/05/2019|5619|58219|91093|379|0|0|0|17737|42928|61|44644|13346590900.00|57953936110.00|87959281933.00|399863694.00|0.00|0.00|0|9112213618.00|27758233724.00|67103390.00|24802068157.00|260680|221399291526.00|MAR2019|2019-03
03/06/2019|5378|60619|95114|336|0|0|0|18596|45003|61|46449|13216979048.00|59914025137.00|86223657024.00|342130724.00|0.00|0.00|0|8903384296.00|28071032500.00|164577959.00|24394817514.00|271556|221230604202.00|MAR2019|2019-03
03/07/2019|4920|71217|120963|553|0|0|0|29052|65462|78|72201|9466215118.00|53244729151.00|95146690071.00|479009683.00|0.00|0.00|0|13249670920.00|37725853589.00|83564983.00|33204911219.00|364446|242600644734.00|MAR2019|2019-03
03/08/2019|5885|70616|109618|370|0|0|0|21518|50518|62|53211|15370542463.00|71042042447.00|101224070285.00|290731842.00|0.00|0.00|0|9889472992.00|30498989959.00|176379513.00|26162429729.00|311798|254654659230.00|MAR2019|2019-03
03/09/2019|6386|88346|142093|521|0|0|0|29310|67833|47|71060|12844604422.00|81860056551.00|118612839440.00|480161298.00|0.00|0.00|0|14003805924.00|42252883765.00|56002320.00|35213379178.00|405596|305323732898.00|MAR2019|2019-03
03/10/2019|6345|82025|133231|585|0|0|0|27954|65668|66|71092|11308053697.00|66696732449.00|99871735390.00|446565958.00|0.00|0.00|0|12706554920.00|37220619683.00|47384715.00|31184642283.00|386966|259482289095.00|MAR2019|2019-03
03/11/2019|5280|58713|91621|291|0|0|0|17226|41854|50|47243|14684114854.00|61119045450.00|87561904195.00|284679349.00|0.00|0.00|0|8654228754.00|27332004131.00|66600178.00|26727462587.00|262278|226430039498.00|MAR2019|2019-03
03/12/2019|5804|58323|92247|336|0|0|0|17302|42122|48|43476|12585245181.00|60777116123.00|88074194427.00|310821010.00|0.00|0.00|0|8094978870.00|30525732628.00|52091298.00|23750357675.00|259658|224170537212.00|MAR2019|2019-03
03/13/2019|6172|60028|94337|375|0|0|0|17566|43109|71|44548|16307408416.00|63309159394.00|91350365564.00|388361235.00|0.00|0.00|0|8401364231.00|27807364705.00|178401363.00|24555284284.00|266206|232297709192.00|MAR2019|2019-03
03/14/2019|6117|58226|91797|314|0|0|0|17427|42149|36|43855|15601886756.00|59156115005.00|86325956538.00|322284973.00|0.00|0.00|0|8639844435.00|27749335000.00|98381226.00|24654531328.00|259921|222548335261.00|MAR2019|2019-03
03/15/2019|6957|66620|105700|364|0|0|0|19812|48062|84|50424|22100971315.00|69060404477.00|100963535840.00|333054027.00|0.00|0.00|0|9161643663.00|30213374874.00|136720533.00|28333755106.00|298023|260303459835.00|MAR2019|2019-03
03/16/2019|7326|89060|145768|563|0|0|0|29068|68586|70|71695|15466836489.00|79139849117.00|123220368668.00|454533490.00|0.00|0.00|0|13847840382.00|43720368666.00|41646457.00|38269026377.00|412136|314160469646.00|MAR2019|2019-03
03/17/2019|6960|82869|138855|556|0|0|0|27612|65369|72|71132|12550799923.00|67227094759.00|105972619485.00|408045109.00|0.00|0.00|0|13436597629.00|39255537398.00|105532877.00|34567710470.00|393425|273523937650.00|MAR2019|2019-03
03/18/2019|5666|57139|90114|319|0|0|0|16956|41304|39|45348|15134637455.00|61218478086.00|85983228946.00|263711692.00|0.00|0.00|0|7860011731.00|27835513938.00|55960051.00|23801350441.00|256885|222152892340.00|MAR2019|2019-03
03/19/2019|6260|57822|92546|334|0|0|0|17400|42451|62|44021|15039640379.00|60829160580.00|88610296815.00|429435808.00|0.00|0.00|0|8340621138.00|27570365142.00|70985588.00|24077015297.00|260896|224967520747.00|MAR2019|2019-03
03/20/2019|6506|61086|95722|336|0|0|0|17933|43553|58|44995|14118436111.00|62587091762.00|91381450728.00|409973589.00|0.00|0.00|0|9342685035.00|27393672682.00|183354419.00|25099828250.00|270189|230516492576.00|MAR2019|2019-03
03/21/2019|6676|61699|96273|337|0|0|0|17792|43058|50|44560|14645899260.00|65241143820.00|90274384304.00|318338702.00|0.00|0.00|0|8592448189.00|28828001424.00|135543623.00|24265298975.00|270445|232301058297.00|MAR2019|2019-03
03/22/2019|7108|69576|108408|376|0|0|0|20810|49388|68|51154|19974712575.00|70754534233.00|101029922309.00|356548346.00|0.00|0.00|0|9497007283.00|31965923619.00|80964384.00|25346677205.00|306888|259006289954.00|MAR2019|2019-03
03/23/2019|7725|92770|149383|605|0|0|0|28890|67548|49|71901|15468041920.00|83293150085.00|127274898716.00|506417505.00|0.00|0.00|0|14237931577.00|42171899959.00|36761516.00|36538539206.00|418871|319527640484.00|MAR2019|2019-03
03/24/2019|7175|86927|143191|616|0|0|0|28527|66528|48|74146|14661303022.00|72131821554.00|108838876736.00|560409630.00|0.00|0.00|0|13625302241.00|39766125728.00|34737814.00|33132417105.00|407158|282750993830.00|MAR2019|2019-03
03/25/2019|5713|58506|91363|341|0|0|0|17063|41680|60|46498|14730549765.00|63684357105.00|89343824509.00|269989172.00|0.00|0.00|0|8788055103.00|27905082803.00|167871330.00|25703696172.00|261224|230593425959.00|MAR2019|2019-03
03/26/2019|5929|57731|92025|311|0|0|0|17511|42916|38|44892|13465213181.00|61053679146.00|90451469443.00|293632241.00|0.00|0.00|0|8654338238.00|27810106618.00|42923085.00|24294573260.00|261353|226065935212.00|MAR2019|2019-03
03/27/2019|5899|59197|92556|308|0|0|0|17581|43641|44|44325|15281210695.00|65586695093.00|91576065775.00|234373312.00|0.00|0.00|0|8556457873.00|27718418466.00|125716577.00|23875592924.00|263551|232954530715.00|MAR2019|2019-03
03/28/2019|6075|62052|97270|334|0|0|0|17826|44114|54|45184|15574351041.00|68886681107.00|97469293927.00|314337868.00|0.00|0.00|0|9059189569.00|30505705174.00|297933543.00|26236016862.00|272909|248343509091.00|MAR2019|2019-03
03/29/2019|6647|69128|108651|375|0|0|0|20500|49716|46|51908|18278660252.00|75796850939.00|108571585826.00|354462135.00|0.00|0.00|0|10719131665.00|34471326871.00|73677463.00|28990186023.00|306971|277255881174.00|MAR2019|2019-03
03/30/2019|7301|91615|147716|574|0|0|0|28644|67015|66|70679|14492136848.00|85541768353.00|129618336310.00|477976768.00|0.00|0.00|0|14876184548.00|43938554913.00|135284030.00|36948624062.00|413610|326028865832.00|MAR2019|2019-03
03/31/2019|6772|85816|138291|588|0|0|0|26851|63481|58|70084|13702460765.00|73903483934.00|109521542867.00|504885716.00|0.00|0.00|0|12973967381.00|39210569142.00|66062086.00|32996837446.00|391941|282879809337.00|MAR2019|2019-03
04/01/2019|5214|58573|89679|278|0|0|0|16178|40682|44|44740|11589295335.00|64694218870.00|85111899383.00|281709251.00|0.00|0.00|0|8289248069.00|25597505701.00|27353249.00|23361886509.00|255388|218953116367.00|APR2019|2019-04
04/02/2019|5615|60585|95245|298|0|0|0|17810|43528|53|45390|14391950431.00|61948160256.00|90188694273.00|318896862.00|0.00|0.00|0|8606579266.00|27749534460.00|100802613.00|24065754359.00|268524|227370372520.00|APR2019|2019-04
04/03/2019|6299|81141|133462|533|0|0|0|26609|62685|51|68112|12255978836.00|68961088381.00|110919872951.00|395551517.00|0.00|0.00|0|12496541897.00|36379526820.00|136405372.00|31250797408.00|378892|272795763182.00|APR2019|2019-04
04/04/2019|5539|61271|96055|311|0|0|0|17692|42733|47|44851|14820500982.00|64716667230.00|95281162029.00|370377499.00|0.00|0.00|0|8541179914.00|28243079957.00|246412105.00|25026485001.00|268499|237245864717.00|APR2019|2019-04
04/05/2019|6314|68465|106854|382|0|0|0|19797|47775|39|50053|17854959069.00|68688122479.00|99088812671.00|342253046.00|0.00|0.00|0|9719010613.00|30121084119.00|49602480.00|25246331997.00|299679|251110176474.00|APR2019|2019-04
04/06/2019|7047|88463|143277|534|0|0|0|28020|66609|54|69679|16648615702.00|80924317212.00|121525982765.00|415171838.00|0.00|0.00|0|13503905370.00|39118744332.00|56852928.00|35054259096.00|403683|307247849243.00|APR2019|2019-04
04/07/2019|6749|83044|137637|525|0|0|0|26672|63253|65|69188|15285326806.00|70641686364.00|103699157853.00|417207778.00|0.00|0.00|0|12398117836.00|36130646828.00|44781613.00|31813101767.00|387133|270430026845.00|APR2019|2019-04
04/08/2019|5687|60317|93184|306|0|0|0|16713|40957|40|45608|14537794570.00|66507468256.00|87283209132.00|338131305.00|0.00|0.00|0|8385504105.00|27284842112.00|22344058.00|24524448235.00|262812|228883741773.00|APR2019|2019-04
04/09/2019|6107|60508|94988|319|0|0|0|17474|43414|75|44562|15045234058.00|62607307144.00|89101089375.00|387987332.00|0.00|0.00|0|8767135092.00|28972827934.00|118361956.00|24343535432.00|267447|229343478323.00|APR2019|2019-04
04/10/2019|6228|62044|96367|338|0|0|0|17191|43144|47|44074|17547809190.00|65980747753.00|91609296128.00|327474170.00|0.00|0.00|0|8693427918.00|27472018935.00|56845306.00|24826344574.00|269433|236513963974.00|APR2019|2019-04
04/11/2019|6357|62689|99114|324|0|0|0|17992|43862|33|45325|16260035518.00|65809130856.00|95637201280.00|314663987.00|0.00|0.00|0|9340211567.00|31052400070.00|15027662.00|24886461578.00|275696|243315132518.00|APR2019|2019-04
04/12/2019|7089|69573|107187|357|0|0|0|19517|48436|56|50019|19449602350.00|74205295733.00|102249465650.00|345260112.00|0.00|0.00|0|9152490053.00|30361053428.00|52883293.00|25518924858.00|302234|261334975477.00|APR2019|2019-04
04/13/2019|7345|88106|140411|615|0|0|0|27613|65282|50|66985|16834866434.00|81158536583.00|117215957300.00|529253341.00|0.00|0.00|0|13164328174.00|38844212769.00|72540815.00|33114393306.00|396407|300934088722.00|APR2019|2019-04
04/14/2019|6970|85983|140742|594|0|0|0|27767|66256|78|71495|12621720689.00|68914612914.00|104705515630.00|537871337.00|0.00|0.00|0|12628730143.00|38121304252.00|97306361.00|31959509412.00|399885|269586570738.00|APR2019|2019-04
04/15/2019|5616|59760|92794|351|0|0|0|16610|40756|33|45982|15569054592.00|65473247248.00|87711809090.00|321074127.00|0.00|0.00|0|8123664267.00|27374787172.00|60180184.00|25115614499.00|261902|229749431179.00|APR2019|2019-04
04/16/2019|6107|62215|100350|342|0|0|0|18483|45138|38|47118|15838720723.00|64913860636.00|92317794547.00|312287679.00|0.00|0.00|0|8884246655.00|28206493185.00|125660213.00|24324460769.00|279791|234923524407.00|APR2019|2019-04
04/17/2019|6851|84037|141617|514|0|0|0|27786|63780|50|71793|13941936878.00|66106136725.00|98905102560.00|390553183.00|0.00|0.00|0|12445189404.00|33999294913.00|32296187.00|31030798295.00|396428|256851308145.00|APR2019|2019-04
04/18/2019|6417|69835|109531|328|0|0|0|19841|47786|42|49943|16717187708.00|70222893689.00|97263190500.00|367582772.00|0.00|0.00|0|9193573973.00|28834935908.00|45496681.00|25986397210.00|303723|248631258441.00|APR2019|2019-04
04/19/2019|7029|83145|133242|463|0|0|0|25170|57555|55|62106|14218245372.00|73185119910.00|104238321582.00|333331043.00|0.00|0.00|0|11285266929.00|31784889294.00|61744858.00|27638673308.00|368765|262745592296.00|APR2019|2019-04
04/20/2019|7555|88988|142006|511|0|0|0|25870|62354|52|63952|15104794915.00|80765934737.00|116282420925.00|470786768.00|0.00|0.00|0|12111133230.00|37274698520.00|69617038.00|32795328809.00|391288|294874714942.00|APR2019|2019-04
04/21/2019|7548|87550|141432|546|0|0|0|26061|62538|51|67288|16413247620.00|76324058828.00|108000312295.00|421889987.00|0.00|0.00|0|12081365643.00|36619862519.00|42570672.00|30385318255.00|393014|280288625819.00|APR2019|2019-04
04/22/2019|6471|64404|98188|291|0|0|0|17127|42240|42|46761|17702263606.00|75070998715.00|97420512951.00|347223994.00|0.00|0.00|0|8426779135.00|28306621276.00|34420637.00|24569755170.00|275524|251878575484.00|APR2019|2019-04
04/23/2019|6595|63745|97707|295|0|0|0|17147|41935|91|43158|16907979573.00|69218932045.00|93639550798.00|359905990.00|0.00|0.00|0|8550510890.00|27903964124.00|510084379.00|23477333164.00|270673|240568260963.00|APR2019|2019-04
04/24/2019|6985|64785|99300|314|0|0|0|17181|43089|46|43365|20943658474.00|69899246376.00|97255116405.00|302921191.00|0.00|0.00|0|8185635825.00|27757833150.00|83999801.00|22836789903.00|275065|247265201125.00|APR2019|2019-04
04/25/2019|7060|66739|102172|317|0|0|0|18203|44651|29|45690|19358654365.00|75066670873.00|103578014362.00|374310722.00|0.00|0.00|0|8946470717.00|30053961494.00|44809272.00|26059456881.00|284861|263482348686.00|APR2019|2019-04
04/26/2019|7628|72626|110728|354|0|0|0|19437|48011|48|49440|23532492124.00|82365976953.00|115138562132.00|356909902.00|0.00|0.00|0|10136162740.00|32841381435.00|170917385.00|27855830874.00|308272|292398233545.00|APR2019|2019-04
04/27/2019|8346|96042|151428|564|0|0|0|26826|64944|65|68144|23135821299.00|94293212557.00|132895197435.00|568991799.00|0.00|0.00|0|14399419333.00|43405854034.00|85429917.00|36834364950.00|416359|345618291324.00|APR2019|2019-04
04/28/2019|8206|89790|145296|575|0|0|0|27232|65803|57|70180|16672431393.00|80089591499.00|114222239810.00|520556730.00|0.00|0.00|0|13771043790.00|41428373993.00|23328271.00|34981280964.00|407139|301708846450.00|APR2019|2019-04
04/29/2019|7115|66359|100613|341|0|0|0|16619|42361|53|45825|16743802216.00|77377456904.00|101645000971.00|388545674.00|0.00|0.00|0|8960173789.00|30035182177.00|106799244.00|26237036669.00|279286|261493997644.00|APR2019|2019-04
04/30/2019|7630|67584|104435|378|0|0|0|17944|44779|39|44852|18762075835.00|76274095894.00|105738280570.00|371803458.00|0.00|0.00|0|9664032440.00|31582069019.00|36172651.00|26760125637.00|287641|269188655504.00|APR2019|2019-04
05/01/2019|8749|88723|143796|517|0|0|0|24458|58918|37|63903|17043729498.00|78826632590.00|115692399664.00|485794875.00|0.00|0.00|0|12701258475.00|36487233717.00|34149793.00|31289708262.00|389101|292560906874.00|MAY2019|2019-05
05/02/2019|7794|68613|105794|318|0|0|0|16997|42341|41|43964|18116960665.00|75851444729.00|103405837203.00|317661469.00|0.00|0.00|0|9349987201.00|28985316649.00|59287777.00|25429074888.00|285862|261515570581.00|MAY2019|2019-05
05/03/2019|8426|73957|115707|358|0|0|0|19418|47831|53|49211|20072484852.00|77891673250.00|111738595866.00|298992269.00|0.00|0.00|0|10226496661.00|30664958144.00|93661794.00|27192360626.00|314961|278179223462.00|MAY2019|2019-05
05/04/2019|9216|98051|155966|624|0|0|0|28013|66335|43|70784|19101577155.00|91022849278.00|138039458743.00|473156335.00|0.00|0.00|0|14559508655.00|44754893888.00|45375974.00|38641739772.00|429032|346638559800.00|MAY2019|2019-05
05/05/2019|8344|90838|148148|556|0|0|0|28345|68379|44|75162|17565712743.00|76791265379.00|123959001245.00|478756968.00|0.00|0.00|0|14293103454.00|43624337374.00|50645059.00|36135179253.00|419816|312898001475.00|MAY2019|2019-05
05/06/2019|6133|59590|93900|302|0|0|0|17373|42960|41|49483|14707855730.00|65854113191.00|89472998723.00|239178691.00|0.00|0.00|0|9100291249.00|28616595774.00|32059916.00|26977448425.00|269782|235000541699.00|MAY2019|2019-05
05/07/2019|5771|57500|90240|281|0|0|0|16852|41820|47|44468|13408254842.00|60381934112.00|86367666565.00|246641176.00|0.00|0.00|0|8468087782.00|28842413374.00|32702218.00|24936904738.00|256979|222684604807.00|MAY2019|2019-05
05/08/2019|5818|57828|91082|349|0|0|0|16488|41885|39|42617|16490606724.00|63202258972.00|88246301148.00|269850119.00|0.00|0.00|0|8701397785.00|29644190976.00|28698660.00|24208006952.00|256106|230791311336.00|MAY2019|2019-05
05/09/2019|6006|58815|91111|306|0|0|0|16886|42382|60|43191|12964536449.00|63964145484.00|88021625131.00|326350875.00|0.00|0.00|0|8469603991.00|29267138821.00|130895967.00|24100892176.00|258757|227245188894.00|MAY2019|2019-05
05/10/2019|6489|64847|101836|398|0|0|0|19662|47965|53|50173|19078847658.00|68440585464.00|95749934520.00|400498060.00|0.00|0.00|0|9436738915.00|32303402391.00|45583165.00|27179108819.00|291423|252634698992.00|MAY2019|2019-05
05/11/2019|7016|87844|143525|546|0|0|0|28376|67530|52|70346|12911454454.00|80229429771.00|121476872607.00|465436257.00|0.00|0.00|0|14483295476.00|44144396418.00|26616812.00|38062217042.00|405235|311799718837.00|MAY2019|2019-05
05/12/2019|6600|82972|138215|545|0|0|0|27892|65966|57|72204|12441911634.00|68651843733.00|105596830443.00|498906247.00|0.00|0.00|0|14115581065.00|39850858219.00|206521963.00|35831403197.00|394451|277193856501.00|MAY2019|2019-05
05/13/2019|5285|57744|89523|333|0|0|0|16979|41481|55|46692|12383103685.00|60686943764.00|86187000966.00|320969660.00|0.00|0.00|0|8598965088.00|29379448602.00|275240598.00|25909859483.00|258092|223741531846.00|MAY2019|2019-05
05/14/2019|5749|58508|92512|339|0|0|0|17342|43125|33|44397|13384117228.00|62766925823.00|90874537901.00|340661103.00|0.00|0.00|0|9087532986.00|30249637761.00|60121911.00|25102975649.00|262005|231866510362.00|MAY2019|2019-05
05/15/2019|6358|58803|91863|308|0|0|0|16968|43237|65|44212|15404083153.00|63188535444.00|88648500430.00|309560228.00|0.00|0.00|0|8735182214.00|30536552029.00|106052293.00|26276676318.00|261814|233205142109.00|MAY2019|2019-05
05/16/2019|6525|62187|97487|362|0|0|0|17863|45253|36|45760|16954215872.00|67325323057.00|96836732287.00|388070930.00|0.00|0.00|0|9595596271.00|32809997389.00|50229187.00|25142904221.00|275473|249103069214.00|MAY2019|2019-05
05/17/2019|7102|67606|107914|381|0|0|0|20771|50598|55|52597|19030063407.00|72429479755.00|106325710495.00|324678370.00|0.00|0.00|0|10991887654.00|36356259474.00|38526578.00|30070445729.00|307024|275567051462.00|MAY2019|2019-05
05/18/2019|8000|91454|152693|675|0|0|0|28751|69618|56|71924|16013488303.00|84403416856.00|132360392517.00|660345581.00|0.00|0.00|0|15146022209.00|47362075796.00|63680178.00|39494422620.00|423171|335503844060.00|MAY2019|2019-05
05/19/2019|7370|86902|144725|581|0|0|0|27514|66299|63|71545|12963853000.00|73128710729.00|112319097601.00|428000595.00|0.00|0.00|0|14514195544.00|42531636595.00|54199099.00|36704528973.00|404999|292644222136.00|MAY2019|2019-05
05/20/2019|6282|62499|98530|345|0|0|0|17439|43976|47|48034|16031320906.00|73183524178.00|101651420894.00|436410638.00|0.00|0.00|0|9709391973.00|32744741377.00|61375226.00|27948765158.00|277152|261766950350.00|MAY2019|2019-05
05/21/2019|5929|59389|94175|340|0|0|0|17477|42616|63|45552|14958782608.00|63368277395.00|93088534113.00|308957620.00|0.00|0.00|0|9332720729.00|31716663601.00|137434713.00|27085971881.00|265541|239997342660.00|MAY2019|2019-05
05/22/2019|5322|54590|83720|297|0|0|0|14300|35573|53|39127|12529389422.00|58293285963.00|77368551781.00|364298584.00|0.00|0.00|0|7056506367.00|21174596081.00|89024886.00|20957736947.00|232982|197833390031.00|MAY2019|2019-05
05/23/2019|6003|60498|95329|356|0|0|0|17038|42751|66|44484|14532569402.00|64818961630.00|92514136048.00|397498782.00|0.00|0.00|0|9004554256.00|28762631495.00|171495930.00|25601138695.00|266525|235802986238.00|MAY2019|2019-05
05/24/2019|6145|64730|103047|425|0|0|0|18827|46427|66|49619|19819453864.00|71400928428.00|101901868625.00|413885155.00|0.00|0.00|0|10588401478.00|31632642572.00|48513614.00|30261320998.00|289286|266067014734.00|MAY2019|2019-05
05/25/2019|7518|88974|146043|707|0|0|0|27291|65593|56|69811|14180670054.00|84077730801.00|129819869138.00|574385677.00|0.00|0.00|0|15356603558.00|44314209911.00|75279201.00|40713840511.00|405993|329112588851.00|MAY2019|2019-05
05/26/2019|6715|87229|146990|627|0|0|0|27886|66574|73|74092|12977730760.00|74911345179.00|116102017885.00|442951179.00|0.00|0.00|0|15651553162.00|42838618866.00|82304447.00|39813019858.00|410186|302819541336.00|MAY2019|2019-05
05/27/2019|5583|61993|98746|353|0|0|0|18247|44279|57|51106|14945369557.00|68609941253.00|102735011584.00|365908357.00|0.00|0.00|0|10109679876.00|32556426391.00|60770586.00|31501489494.00|280364|260884597098.00|MAY2019|2019-05
05/28/2019|5454|59747|95568|353|0|0|0|17925|43879|66|47338|15456241302.00|67085518548.00|99396376111.00|325693653.00|0.00|0.00|0|10603374185.00|37118506400.00|174976496.00|30157108857.00|270330|260317795552.00|MAY2019|2019-05
05/29/2019|5908|67295|106402|404|0|0|0|19634|48272|64|51711|17120236499.00|71928439836.00|107908519162.00|359932686.00|0.00|0.00|0|10353113608.00|35163586150.00|74902158.00|30649046180.00|299690|273557776279.00|MAY2019|2019-05
05/30/2019|6931|85738|139458|587|0|0|0|25798|60477|64|68313|14191112337.00|74845260085.00|110777110987.00|458681818.00|0.00|0.00|0|13459322584.00|37382046812.00|79761465.00|35341569661.00|387366|286534865749.00|MAY2019|2019-05
05/31/2019|6300|80203|127392|523|0|0|0|23591|55772|61|61677|14628617423.00|80707311810.00|114164280639.00|467920899.00|0.00|0.00|0|12627822889.00|37840884354.00|73835738.00|33859841033.00|355519|294370514785.00|MAY2019|2019-05
06/01/2019|6381|87566|138544|515|0|0|0|26493|62083|60|67662|12056519138.00|77193989350.00|112701687576.00|400696462.00|0.00|0.00|0|12833629243.00|39189765895.00|63452131.00|33710376390.00|389304|288150116185.00|JUN2019|2019-06
06/02/2019|6126|85317|136973|476|0|0|0|25421|59500|62|67298|10291117677.00|72125015349.00|101936292490.00|356386240.00|0.00|0.00|0|12326322013.00|34528140912.00|63155984.00|30954942040.00|381173|262581372705.00|JUN2019|2019-06
06/03/2019|5861|84975|133904|437|0|0|0|25257|58266|60|70591|12400089238.00|75541574264.00|103123036313.00|383009796.00|0.00|0.00|0|12746175670.00|34701101342.00|39695092.00|32231740743.00|379351|271166422458.00|JUN2019|2019-06
06/04/2019|5495|79790|123260|418|0|0|0|23919|55497|74|62609|10839936251.00|69576950192.00|89571860675.00|328428638.00|0.00|0.00|0|10867847797.00|30465119813.00|32110995.00|27203304846.00|351062|238885559207.00|JUN2019|2019-06
06/05/2019|4267|53433|81368|295|0|0|0|17220|42922|41|43104|9849727246.00|54641977454.00|62880682967.00|210671949.00|0.00|0.00|0|7747757031.00|22601498343.00|25520046.00|17653376093.00|242650|175611211129.00|JUN2019|2019-06
06/06/2019|5323|65501|105746|390|0|0|0|22686|53148|44|55818|10372413769.00|64979423387.00|80515866469.00|279154301.00|0.00|0.00|0|10688780609.00|29529928303.00|33906293.00|23579957855.00|308656|219979430986.00|JUN2019|2019-06
06/07/2019|5546|74226|114504|384|0|0|0|22490|53764|34|56830|11583910511.00|75631237881.00|90376466590.00|312834999.00|0.00|0.00|0|10849619298.00|31552970235.00|38070293.00|24632496296.00|327778|244977606103.00|JUN2019|2019-06
06/08/2019|5973|79761|122162|421|0|0|0|24286|57865|55|59470|10532638732.00|76835083254.00|93911356173.00|368441477.00|0.00|0.00|0|11280186295.00|32258506323.00|28342996.00|26669772994.00|349993|251884328244.00|JUN2019|2019-06
06/09/2019|6061|76568|120644|425|0|0|0|22916|55940|47|58872|10833311050.00|69963793778.00|90675078290.00|287961414.00|0.00|0.00|0|10631192382.00|30164448187.00|25430039.00|25374650159.00|341473|237955865299.00|JUN2019|2019-06
06/10/2019|5505|67676|100913|363|0|0|0|18717|45416|74|51864|16007768540.00|73791103696.00|91015750676.00|285548551.00|0.00|0.00|0|9275254652.00|28400378774.00|240084525.00|26330508894.00|290528|245346398308.00|JUN2019|2019-06
06/11/2019|5297|63916|98892|395|0|0|0|18575|44951|49|46558|12537931528.00|67519188811.00|87736835544.00|363370373.00|0.00|0.00|0|9139290688.00|28424661626.00|79244611.00|24253817956.00|278633|230054341137.00|JUN2019|2019-06
06/12/2019|5492|64497|96775|334|0|0|0|17559|44033|45|45026|13348379612.00|65121499797.00|89802819010.00|314305037.00|0.00|0.00|0|8760573226.00|28897565824.00|57311717.00|23249523636.00|273761|229551977859.00|JUN2019|2019-06
06/13/2019|6122|64093|98313|340|0|0|0|17763|43387|51|44748|14259269186.00|66829984511.00|89613478308.00|285873839.00|0.00|0.00|0|8782475577.00|28001255382.00|62412023.00|23826006641.00|274817|231660755467.00|JUN2019|2019-06
06/14/2019|6381|67999|104620|355|0|0|0|18547|47237|43|48119|16649334934.00|69604374697.00|96292789991.00|283884321.00|0.00|0.00|0|9216120810.00|30217424588.00|46338952.00|25329646437.00|293301|247639914730.00|JUN2019|2019-06
06/15/2019|6560|85816|136729|447|0|0|0|25852|62104|46|62283|12811935025.00|78816201411.00|113708234516.00|361292073.00|0.00|0.00|0|12739975074.00|38436369867.00|30868351.00|31648568126.00|379837|288553444443.00|JUN2019|2019-06
06/16/2019|6930|80500|130146|546|0|0|0|24496|60192|49|63017|12525411871.00|68164902817.00|97162724728.00|443404885.00|0.00|0.00|0|11771787324.00|35533449168.00|43606829.00|28968186669.00|365876|254613474291.00|JUN2019|2019-06
06/17/2019|6052|61837|94981|310|0|0|0|16269|41476|35|45317|15454268801.00|67110128012.00|88952408503.00|315519715.00|0.00|0.00|0|8761833351.00|26322578733.00|27604598.00|23779624289.00|266277|230723966002.00|JUN2019|2019-06
06/18/2019|6506|61701|96763|337|0|0|0|16763|42408|45|42897|15076385601.00|64785190199.00|91252002676.00|276891999.00|0.00|0.00|0|8603970696.00|28211467088.00|208967748.00|22858043847.00|267420|231272919854.00|JUN2019|2019-06
06/19/2019|6870|63256|98744|350|0|0|0|17048|43256|41|42998|16401544621.00|66652416452.00|96081708380.00|336162979.00|0.00|0.00|0|8879068691.00|28255440960.00|21537662.00|23793712330.00|272563|240421592075.00|JUN2019|2019-06
06/20/2019|7480|66353|103425|390|0|0|0|17840|45490|37|45840|22284170000.00|70663221892.00|98663475516.00|443081355.00|0.00|0.00|0|9181138759.00|30573295917.00|45930613.00|24424125021.00|286855|256278439073.00|JUN2019|2019-06
06/21/2019|7866|73260|112623|392|0|0|0|20399|50954|42|50662|21075212231.00|79990089220.00|108371761284.00|441831627.00|0.00|0.00|0|10289068556.00|34288895858.00|40609764.00|27370142197.00|316198|281867610737.00|JUN2019|2019-06
06/22/2019|8287|91112|144549|580|0|0|0|27007|65818|54|65127|18338595715.00|85485662488.00|123423181383.00|517306443.00|0.00|0.00|0|13542751417.00|41549127273.00|45350742.00|33705928901.00|402534|316607904362.00|JUN2019|2019-06
06/23/2019|7850|86524|139684|586|0|0|0|25997|64406|45|65677|14951532303.00|77235235760.00|111297987248.00|450354965.00|0.00|0.00|0|12872248312.00|38922185951.00|53873180.00|30851549844.00|390769|286634967563.00|JUN2019|2019-06
06/24/2019|6397|65512|100207|329|0|0|0|17132|44442|49|48202|15105029620.00|73030916098.00|98571131194.00|283899352.00|0.00|0.00|0|8805906688.00|29172970877.00|43041547.00|26222872724.00|282270|251235768100.00|JUN2019|2019-06
06/25/2019|6834|65196|100964|397|0|0|0|17459|45021|39|44978|17186324938.00|71484837379.00|100962735114.00|321165760.00|0.00|0.00|0|8921235638.00|30812239407.00|44721611.00|26041166373.00|280888|255774426220.00|JUN2019|2019-06
06/26/2019|7006|67524|104268|387|0|0|0|17843|45699|58|46293|23888695773.00|75223375220.00|105787625142.00|389587679.00|0.00|0.00|0|9844306005.00|32068712967.00|252566856.00|27294650016.00|289078|274749519658.00|JUN2019|2019-06
06/27/2019|7623|67745|104140|414|0|0|0|18079|46526|77|46047|23080940113.00|79393151576.00|107122135462.00|529834943.00|0.00|0.00|0|9222753440.00|31051407674.00|281631854.00|26558212717.00|290651|277240067779.00|JUN2019|2019-06
06/28/2019|7697|74150|112759|426|0|0|0|20000|50698|59|51567|26734134143.00|85338423252.00|115502304360.00|483170511.00|0.00|0.00|0|10001216429.00|35418828561.00|71994249.00|29338127058.00|317356|302888198563.00|JUN2019|2019-06
06/29/2019|8141|92567|144855|622|0|0|0|26539|65652|72|64305|21523472558.00|94416209426.00|132986283257.00|584817192.00|0.00|0.00|0|14190372087.00|43952601009.00|46985999.00|35926085857.00|402753|343626827385.00|JUN2019|2019-06
06/30/2019|7711|89445|142115|554|0|0|0|26057|64713|59|67102|14491256939.00|82769637011.00|116535032099.00|396876045.00|0.00|0.00|0|13195148091.00|40393504502.00|45065461.00|32703608546.00|397756|300530128694.00|JUN2019|2019-06
07/01/2019|5986|64626|97799|356|0|0|0|16766|43547|42|46448|15506797140.00|73732754967.00|97317387902.00|324996472.00|0.00|0.00|0|8251850345.00|30116408267.00|35759113.00|24355238064.00|275570|249641192270.00|JUL2019|2019-07
07/02/2019|6634|65968|101776|370|0|0|0|17776|45486|38|45165|17461073487.00|73214888198.00|100282296000.00|384469137.00|0.00|0.00|0|8998769604.00|29351609641.00|16567786.00|23942588789.00|283213|253652262642.00|JUL2019|2019-07
07/03/2019|6672|67869|104386|359|0|0|0|17893|46125|36|45441|18293273888.00|73801138696.00|100093061761.00|317392320.00|0.00|0.00|0|8873482836.00|31019006577.00|36261948.00|25434862871.00|288781|257868480897.00|JUL2019|2019-07
07/04/2019|7076|70983|108662|360|0|0|0|18250|46800|44|46176|18781846611.00|79047086562.00|107786177903.00|349679965.00|0.00|0.00|0|9012887197.00|31642416334.00|263551612.00|25083366984.00|298351|271967013168.00|JUL2019|2019-07
07/05/2019|7497|76717|116408|439|0|0|0|19882|50673|47|50970|20959990083.00|83862211551.00|114658981020.00|571968006.00|0.00|0.00|0|9478006111.00|32938653523.00|55903431.00|27277600695.00|322633|289803314420.00|JUL2019|2019-07
07/06/2019|8170|95746|149151|604|0|0|0|26955|67111|60|66071|18243780720.00|93102667556.00|136294477700.00|560800265.00|0.00|0.00|0|13317688917.00|45286232659.00|67881341.00|35112754695.00|413868|341986283853.00|JUL2019|2019-07
07/07/2019|7692|91799|144842|570|0|0|0|26740|65929|53|67389|15390212406.00|82216486426.00|116399847580.00|451261023.00|0.00|0.00|0|13176188476.00|39498072007.00|45308452.00|31471249564.00|405014|298648625934.00|JUL2019|2019-07
07/08/2019|6405|70904|104452|348|0|0|0|17827|45256|39|48299|18636985808.00|81215529217.00|101548903372.00|383385427.00|0.00|0.00|0|8655320569.00|30166066930.00|32167702.00|25262448754.00|293530|265900807779.00|JUL2019|2019-07
07/09/2019|6771|71212|106326|349|0|0|0|17957|45857|59|45812|17173646525.00|79346851738.00|102284388588.00|284750395.00|0.00|0.00|0|9132874661.00|31232958854.00|114943396.00|24988418771.00|294343|264558832928.00|JUL2019|2019-07
07/10/2019|7190|70822|107408|386|0|0|0|18815|47618|34|46824|18109293450.00|77544180300.00|104384014303.00|324978808.00|0.00|0.00|0|9006111448.00|31498980766.00|64303005.00|26448387271.00|299097|267380249351.00|JUL2019|2019-07
07/11/2019|7410|72204|109068|396|0|0|0|18722|47786|60|48174|19542514569.00|80310666170.00|109103277731.00|472947937.00|0.00|0.00|0|9463830842.00|32691344003.00|97015173.00|25744348399.00|303820|277425944824.00|JUL2019|2019-07
07/12/2019|7929|77696|118014|413|0|0|0|21297|53450|51|53137|22415396285.00|86409560627.00|112934220150.00|367063550.00|0.00|0.00|0|10487321368.00|35766025686.00|32401385.00|27544987021.00|331987|295956976072.00|JUL2019|2019-07
07/13/2019|8666|99369|157105|665|0|0|0|29541|71804|59|70329|19183325024.00|94172518526.00|130995872148.00|606840241.00|0.00|0.00|0|14653876757.00|44655362162.00|34311418.00|34806201627.00|437538|339108307903.00|JUL2019|2019-07
07/14/2019|7966|93891|150847|600|0|0|0|28301|69984|53|71794|16868701087.00|83685814451.00|116720137945.00|474678710.00|0.00|0.00|0|13221553345.00|40814666994.00|29956072.00|33197771258.00|423436|305013279862.00|JUL2019|2019-07
07/15/2019|6921|67855|102558|357|0|0|0|17319|45415|32|47286|19131545506.00|79642936372.00|98818870874.00|287863334.00|0.00|0.00|0|8520510789.00|30291438077.00|207516860.00|24245720739.00|287743|261146402551.00|JUL2019|2019-07
07/16/2019|6812|66829|102680|382|0|0|0|17134|45366|50|44084|16618518925.00|74296726688.00|97400076496.00|366699500.00|0.00|0.00|0|8349416635.00|31070190564.00|28706050.00|23232934569.00|283337|251363269427.00|JUL2019|2019-07
07/17/2019|7160|67857|103523|383|0|0|1|17177|45067|51|43507|18099672296.00|74893219081.00|100105815193.00|401610361.00|0.00|0.00|11|8233678662.00|28850982515.00|59897303.00|23112511413.00|284726|253757386835.00|JUL2019|2019-07
07/18/2019|7246|68728|104098|362|0|0|0|17321|45291|55|42839|19129015132.00|78010060668.00|100829587166.00|358047861.00|0.00|0.00|0|8848468010.00|30795884813.00|124092905.00|22076824628.00|285940|260171981183.00|JUL2019|2019-07
07/19/2019|7852|74985|114566|361|0|0|0|19743|50962|43|49530|23282383934.00|84585041333.00|114004839529.00|311168979.00|0.00|0.00|0|9680272871.00|33329639212.00|48579291.00|26656064860.00|318042|291897990009.00|JUL2019|2019-07
07/20/2019|8662|101559|158219|635|0|0|0|28160|70089|57|67768|18424345633.00|98594504993.00|135704905212.00|546410338.00|0.00|0.00|0|14059863870.00|42648601528.00|67327921.00|33974241401.00|435149|344020200896.00|JUL2019|2019-07
07/21/2019|8120|93105|149970|582|0|0|0|27396|68748|53|69878|15221970797.00|84218359647.00|119113475477.00|539959801.00|0.00|0.00|0|12953465613.00|40285489154.00|69325406.00|30956872266.00|417852|303358918161.00|JUL2019|2019-07
07/22/2019|6583|67182|100853|299|0|0|1|16671|43514|47|45034|18294722249.00|77207288454.00|97520520934.00|254096944.00|0.00|0.00|1|8076297832.00|28940733559.00|66792452.00|24290306899.00|280184|254650759324.00|JUL2019|2019-07
07/23/2019|6910|67055|103297|354|0|0|1|16642|43542|54|42112|16409867316.00|76493186644.00|99831339178.00|356463800.00|0.00|0.00|11|8363645253.00|29501694965.00|255286577.00|22994880995.00|279967|254206364739.00|JUL2019|2019-07
07/24/2019|7139|67601|102946|344|0|0|0|16422|44002|55|41522|16872195281.00|75114603880.00|98525546640.00|309077344.00|0.00|0.00|0|8326347157.00|30403340468.00|155607644.00|22838449879.00|280031|252545168293.00|JUL2019|2019-07
07/25/2019|7546|68935|103740|381|0|0|0|16708|44409|51|42649|18863935964.00|79846948854.00|105885357097.00|337487447.00|0.00|0.00|0|8868849131.00|31984138990.00|73774825.00|23554850500.00|284419|269415342808.00|JUL2019|2019-07
07/26/2019|7742|74876|113265|437|0|0|0|19244|50406|45|49593|22126064227.00|91237982863.00|118666624296.00|419845070.00|0.00|0.00|0|10194386734.00|35950320994.00|60322070.00|27708792054.00|315608|306364338308.00|JUL2019|2019-07
07/27/2019|8419|98268|152463|593|0|0|0|27627|69706|48|68284|19759085659.00|100072757866.00|137871296158.00|563257537.00|0.00|0.00|0|14455992945.00|47607088614.00|49560165.00|36530079049.00|425408|356909117993.00|JUL2019|2019-07
07/28/2019|7869|93610|148906|565|0|0|0|26935|68815|61|70451|15941057192.00|87020360993.00|123386844556.00|456881807.00|0.00|0.00|0|13679956152.00|43877587974.00|73766581.00|33675778188.00|417212|318112233443.00|JUL2019|2019-07
07/29/2019|6680|67279|98901|342|0|0|0|15804|42821|37|44629|18892675838.00|84239112842.00|102110587457.00|472528540.00|0.00|0.00|0|8171422818.00|29913781574.00|100344070.00|24159189775.00|276493|268059642914.00|JUL2019|2019-07
07/30/2019|7073|66283|100789|367|0|0|0|16426|43141|72|41855|20380500002.00|79732494804.00|106611654878.00|337223070.00|0.00|0.00|0|8756208744.00|30512919002.00|209750720.00|24389329704.00|276006|270930080924.00|JUL2019|2019-07
07/31/2019|7227|67888|103613|368|0|0|0|16574|44371|43|42372|23097379399.00|81544785776.00|109578025602.00|293627668.00|0.00|0.00|0|8881098212.00|33154036152.00|31074355.00|24807067834.00|282456|281387094998.00|JUL2019|2019-07
08/01/2019|7339|68606|102663|360|0|0|0|16849|44650|40|42233|19666822041.00|82354307754.00|104508604442.00|367296364.00|0.00|0.00|0|8180025082.00|29812770332.00|48820319.00|22939050950.00|282740|267877697284.00|AUG2019|2019-08
08/02/2019|7437|73928|110590|371|0|0|0|18695|49252|50|46865|18491417744.00|81151977377.00|108842340018.00|358952819.00|0.00|0.00|0|9226063322.00|31809664299.00|21242445.00|23932713584.00|307188|273834371608.00|AUG2019|2019-08
08/03/2019|8267|95305|148490|608|0|0|0|26924|68386|74|65412|15897703953.00|93192361618.00|134370508440.00|512644379.00|0.00|0.00|0|13197626146.00|45481765127.00|72661941.00|33108333265.00|413466|335833604869.00|AUG2019|2019-08
08/04/2019|7457|85766|135332|558|0|0|0|23816|61803|49|59756|16360296496.00|80217568752.00|108241751313.00|535579838.00|0.00|0.00|0|11371176526.00|37684973653.00|35489667.00|27929477418.00|374537|282376313663.00|AUG2019|2019-08
08/05/2019|6984|69794|101990|354|0|0|0|17107|45177|62|45859|21511237877.00|82163465256.00|99456838703.00|459222983.00|0.00|0.00|0|8840100640.00|30294609459.00|239091627.00|24212565420.00|287327|267177131965.00|AUG2019|2019-08
08/06/2019|7185|67591|101589|355|0|0|0|16730|44460|87|42953|17326962548.00|78964449711.00|101580426470.00|276605399.00|0.00|0.00|0|8553803864.00|31189714113.00|289812395.00|24398215156.00|280950|262579989656.00|AUG2019|2019-08
08/07/2019|7482|68311|103784|373|0|0|0|16800|44474|57|43016|19413753770.00|80324647183.00|104918034988.00|327085940.00|0.00|0.00|0|8721524297.00|30332148637.00|218778192.00|23251724488.00|284297|267507697495.00|AUG2019|2019-08
08/08/2019|7661|71508|106924|339|0|0|0|17238|46224|50|43398|20398009564.00|85900418601.00|110622012990.00|388069671.00|0.00|0.00|0|9042335430.00|32496239086.00|94715475.00|23620435544.00|293342|282562236361.00|AUG2019|2019-08
08/09/2019|8510|78677|118658|371|0|0|0|19297|51160|60|49527|19853729357.00|91972677328.00|120461061106.00|355188993.00|0.00|0.00|0|9811986401.00|35259873663.00|122489010.00|26019967027.00|326260|303856972885.00|AUG2019|2019-08
08/10/2019|9447|97661|156523|645|0|0|0|28355|71237|63|69711|20989143787.00|97311591947.00|138469380755.00|624143909.00|0.00|0.00|0|14058934618.00|45493192049.00|32677162.00|35933971813.00|433642|352913036040.00|AUG2019|2019-08
08/11/2019|8636|85267|138612|592|0|0|0|26377|67672|50|66443|17580820872.00|78981414968.00|107475710019.00|440607440.00|0.00|0.00|0|11959594624.00|40264762451.00|20331197.00|28963938811.00|393649|285687180382.00|AUG2019|2019-08
08/12/2019|8237|72415|109658|361|0|0|0|17435|46274|30|47817|23377444739.00|84697795463.00|105443148488.00|417566385.00|0.00|0.00|0|8540957085.00|30912976348.00|14006737.00|25227011437.00|302227|278630906682.00|AUG2019|2019-08
08/13/2019|8260|70256|105907|371|0|0|0|17192|46186|54|44105|21883271284.00|80011896258.00|104779307240.00|352500627.00|0.00|0.00|0|8433327508.00|32313785471.00|69242940.00|22942947654.00|292331|270786278982.00|AUG2019|2019-08
08/14/2019|8509|70768|106302|372|0|0|0|17539|46577|67|44412|21854679572.00|81667011554.00|103150028290.00|440580996.00|0.00|0.00|0|8622909441.00|31969371332.00|224999563.00|23965013556.00|294546|271894594304.00|AUG2019|2019-08
08/15/2019|8772|71536|107992|358|0|0|0|17465|46724|39|45159|20401466617.00|80680536052.00|105115660265.00|312815226.00|0.00|0.00|0|8671940944.00|30798048729.00|86834046.00|23283688922.00|298045|269350990801.00|AUG2019|2019-08
08/16/2019|9142|79558|120055|401|0|0|0|20208|53592|45|51989|23605423921.00|88247913486.00|115963632965.00|336313360.00|0.00|0.00|0|9716291345.00|33747571156.00|54413252.00|25352215723.00|334990|297023775208.00|AUG2019|2019-08
08/17/2019|9462|102677|161741|634|0|0|0|30515|76215|65|76361|20836438165.00|93407640218.00|128982316888.00|558515942.00|0.00|0.00|0|14478274064.00|46470370570.00|176758130.00|35489205468.00|457670|340399519445.00|AUG2019|2019-08
08/18/2019|8898|95136|152174|585|0|0|0|27927|69676|50|70758|17740881309.00|87869614998.00|120379595953.00|438964170.00|0.00|0.00|0|13322417008.00|41029023271.00|36438212.00|32901287612.00|425204|313718222533.00|AUG2019|2019-08
08/19/2019|7487|68354|101087|344|0|0|0|16540|44145|51|45072|21214861117.00|80418296301.00|98556046481.00|282709711.00|0.00|0.00|0|8524569574.00|55294728167.00|138445930.00|24724864073.00|283080|289154521354.00|AUG2019|2019-08
08/20/2019|7712|66866|101426|310|0|0|0|16534|45390|32|42879|18837011831.00|75236805091.00|100229374930.00|342034730.00|0.00|0.00|0|8796067372.00|55529652281.00|24279416.00|24903642882.00|281149|283898868533.00|AUG2019|2019-08
08/21/2019|7793|69117|102371|350|0|0|0|16857|45270|36|42440|19589535779.00|78139287286.00|102158693527.00|351720647.00|0.00|0.00|0|8316640307.00|30532234022.00|104612409.00|24051851950.00|284234|263244575927.00|AUG2019|2019-08
08/22/2019|8155|70314|105572|348|0|0|0|17563|46434|59|43715|20157499337.00|80067865981.00|106098081321.00|501497909.00|0.00|0.00|0|8911172067.00|36179119334.00|103447947.00|23966444321.00|292160|275985128217.00|AUG2019|2019-08
08/23/2019|8179|75227|112698|400|0|0|0|19181|51415|41|49098|25594868277.00|85819823251.00|112879159156.00|440562409.00|0.00|0.00|0|10005453306.00|57041948345.00|26323510.00|31364428553.00|316239|323172566807.00|AUG2019|2019-08
08/24/2019|8624|96323|148959|584|0|0|0|27188|71006|50|66719|18751541020.00|96917447364.00|133502315047.00|600599779.00|0.00|0.00|0|14510943163.00|71876951760.00|69965028.00|40970215591.00|419453|377199978752.00|AUG2019|2019-08
08/25/2019|8247|91381|144506|567|0|0|0|26804|70010|55|69731|18277578940.00|83670193718.00|121583701138.00|441634326.00|0.00|0.00|0|14071388015.00|78156755261.00|74723442.00|41532610135.00|411301|357808584975.00|AUG2019|2019-08
08/26/2019|7053|66066|97937|371|0|0|0|15926|43733|31|44223|17711537565.00|76796209740.00|98256843841.00|519657155.00|0.00|0.00|0|8164243345.00|30998606247.00|36750185.00|25139598799.00|275340|257623446877.00|AUG2019|2019-08
08/27/2019|7337|66010|98144|318|0|0|0|16730|44410|31|42170|17815385564.00|76078635432.00|98961437555.00|341235127.00|0.00|0.00|0|8834380895.00|31259745459.00|30424351.00|23751309810.00|275150|257072554193.00|AUG2019|2019-08
08/28/2019|7371|66195|98775|341|0|0|0|16451|44327|30|41651|18325479947.00|76315148122.00|98923616225.00|274482965.00|0.00|0.00|0|8445325244.00|31619122095.00|73946525.00|24326204295.00|275141|258303325418.00|AUG2019|2019-08
08/29/2019|7699|68463|103533|344|0|0|0|17154|46271|62|43398|19085924464.00|78529406571.00|104047838459.00|437291179.00|0.00|0.00|0|9016700137.00|31881833267.00|148104264.00|25400247109.00|286924|268547345450.00|AUG2019|2019-08
08/30/2019|7859|75423|112403|384|0|0|0|18799|50712|48|48563|23551678712.00|88588358510.00|110971301534.00|439143414.00|0.00|0.00|0|9636481121.00|36179721178.00|48086884.00|25936397962.00|314191|295351169315.00|AUG2019|2019-08
08/31/2019|8480|95230|150175|603|0|0|0|26701|68396|54|65843|18535101753.00|94887908897.00|136147423250.00|570623980.00|0.00|0.00|0|14163718955.00|46029277861.00|32444559.00|35609331337.00|415482|345975830592.00|AUG2019|2019-08
09/01/2019|7844|91441|144666|612|0|0|0|26692|68851|47|68275|14138688197.00|79512499179.00|111197967231.00|478221570.00|0.00|0.00|0|13229306924.00|41451110268.00|29368976.00|31685716153.00|408428|291722878498.00|SEP2019|2019-09
09/02/2019|6583|64837|94313|301|0|0|0|15519|42221|44|43014|13413145543.00|72841494898.00|91547251315.00|261561862.00|0.00|0.00|0|7632559893.00|28955844282.00|62254658.00|23229406070.00|266832|237943518521.00|SEP2019|2019-09
09/03/2019|6641|63835|96304|351|0|0|0|15896|42968|43|41249|16584172529.00|69808164546.00|94379377624.00|460015842.00|0.00|0.00|0|8040600588.00|30533626768.00|23620141.00|24004392735.00|267287|243833970773.00|SEP2019|2019-09
09/04/2019|6878|65252|98409|367|0|0|0|16491|44346|60|42817|17192880172.00|69892061580.00|93801160832.00|444227728.00|0.00|0.00|0|8629005954.00|28671553421.00|110361685.00|24188641177.00|274620|242929892549.00|SEP2019|2019-09
09/05/2019|7182|66557|99070|393|0|0|0|16466|45652|52|43377|17514217077.00|74049358270.00|101018963052.00|491490973.00|0.00|0.00|0|8184885285.00|34422472529.00|68299506.00|23827695708.00|278749|259577382400.00|SEP2019|2019-09
09/06/2019|7807|74385|110691|426|0|0|0|19409|51507|80|49623|19947346202.00|80377440897.00|104330442152.00|406609290.00|0.00|0.00|0|9361506971.00|33163463117.00|316823037.00|26523435462.00|313928|274427067128.00|SEP2019|2019-09
09/07/2019|8466|95892|147332|605|0|0|0|27159|69708|69|67331|17644600592.00|89166923959.00|124830206119.00|452487585.00|0.00|0.00|0|13644335274.00|44462747375.00|52424938.00|34494733912.00|416562|324748459754.00|SEP2019|2019-09
09/08/2019|8014|91327|143333|563|0|0|0|26894|69197|74|69529|13731074214.00|80618596376.00|109626987357.00|359836101.00|0.00|0.00|0|12943745826.00|42123462122.00|54445207.00|31604124090.00|408931|291062271293.00|SEP2019|2019-09
09/09/2019|6741|65514|95633|337|0|0|0|16279|43210|47|44498|15766697158.00|74514773869.00|90417498110.00|344739205.00|0.00|0.00|0|8407079527.00|29030943885.00|31246897.00|23870249246.00|272259|242383227897.00|SEP2019|2019-09
09/10/2019|6930|65034|95976|398|0|0|0|16578|43982|55|42288|19425658447.00|70783908552.00|92547813048.00|304245159.00|0.00|0.00|0|8135209679.00|30074774505.00|123812679.00|23170070192.00|271241|244565492261.00|SEP2019|2019-09
09/11/2019|7270|66358|98195|347|0|0|0|17050|45982|48|43627|18868775824.00|72110300847.00|92505268948.00|279241134.00|0.00|0.00|0|8414831966.00|30582833007.00|36898405.00|23655218263.00|278877|246453368394.00|SEP2019|2019-09
09/12/2019|7642|67592|100443|386|0|0|0|17355|47479|39|44256|16361540066.00|73855203179.00|94744855747.00|479472131.00|0.00|0.00|0|8736875630.00|31379401452.00|40050201.00|23468685448.00|285192|249066083854.00|SEP2019|2019-09
09/13/2019|8301|73287|109373|393|0|0|0|20284|53058|50|50854|19309938225.00|75798520362.00|102752919646.00|313573872.00|0.00|0.00|0|9355880501.00|34058195186.00|81013499.00|25949545901.00|315600|267619587192.00|SEP2019|2019-09
09/14/2019|8933|94081|146024|601|0|0|0|27650|70382|49|67774|19020953211.00|87100617776.00|121996632940.00|454632672.00|0.00|0.00|0|13882109599.00|44118574826.00|29666981.00|34220720200.00|415494|320823908205.00|SEP2019|2019-09
09/15/2019|8421|89754|140125|650|0|0|0|26964|69993|47|68945|15215605942.00|77865766762.00|108630506991.00|528711981.00|0.00|0.00|0|12585319717.00|40960713827.00|38051462.00|31923726098.00|404899|287748402780.00|SEP2019|2019-09
09/16/2019|7151|64415|93379|345|0|0|0|15632|42286|56|43276|16727605248.00|72698914550.00|87607450778.00|345924321.00|0.00|0.00|0|7751839704.00|28464885692.00|181581632.00|22700231119.00|266540|236478433044.00|SEP2019|2019-09
09/17/2019|7177|63662|94092|322|0|0|0|15916|42691|35|41031|15365488270.00|67986478774.00|88509352192.00|335699319.00|0.00|0.00|0|7510302073.00|29521997085.00|28509377.00|22967676120.00|264926|232225503210.00|SEP2019|2019-09
09/18/2019|7326|65028|96367|293|0|0|0|16201|44321|40|41827|17236423503.00|69103287620.00|90522639109.00|292967047.00|0.00|0.00|0|7655267822.00|28976460583.00|30038057.00|22993219434.00|271403|236810303175.00|SEP2019|2019-09
09/19/2019|7811|67320|98609|351|0|0|0|16776|45394|56|43154|16899444258.00|72141307620.00|93201642092.00|338778020.00|0.00|0.00|0|8269607430.00|30673956656.00|188114639.00|22661885302.00|279471|244374736017.00|SEP2019|2019-09
09/20/2019|8244|73318|110557|390|0|0|0|19345|51630|58|48846|21937753169.00|79097378942.00|103361972352.00|369711645.00|0.00|0.00|0|9146006804.00|34387519388.00|56454269.00|25377847542.00|312388|273734644111.00|SEP2019|2019-09
09/21/2019|8993|95256|148148|577|0|0|0|27502|70865|55|68188|17893527658.00|90759120895.00|124304142498.00|528941570.00|0.00|0.00|0|13513258879.00|45284735509.00|93001715.00|36002527897.00|419584|328379256621.00|SEP2019|2019-09
09/22/2019|8291|88073|140674|647|0|0|0|26887|69651|76|68835|14330533450.00|75783190914.00|106192192716.00|463667354.00|0.00|0.00|0|12886337849.00|42604067828.00|58830143.00|32232524507.00|403134|284551344761.00|SEP2019|2019-09
09/23/2019|6606|63310|92760|289|0|0|0|16318|44457|55|44897|15081217870.00|73653158087.00|91487404295.00|272630828.00|0.00|0.00|0|8260564781.00|30304776336.00|49622955.00|24577489573.00|268692|243686864725.00|SEP2019|2019-09
09/24/2019|6682|61723|92405|316|0|0|0|16733|44080|51|41576|15676516499.00|66532459904.00|89722608126.00|345607626.00|0.00|0.00|0|8442491776.00|29308225489.00|216471643.00|22074289275.00|263566|232318670338.00|SEP2019|2019-09
09/25/2019|7063|63669|93727|303|0|0|0|15833|43738|39|41515|16836136308.00|71529166982.00|92707257100.00|303836520.00|0.00|0.00|0|8026166410.00|30442098864.00|39143926.00|23485240348.00|265887|243369046458.00|SEP2019|2019-09
09/26/2019|7388|66574|97780|331|0|0|0|17289|45981|77|43427|19692344914.00|72582171750.00|96641802798.00|313052673.00|0.00|0.00|0|9423678647.00|30817952902.00|177626933.00|23583699096.00|278847|253232329713.00|SEP2019|2019-09
09/27/2019|7840|73848|110526|400|0|0|0|19673|51843|52|50254|23597097126.00|85223104427.00|110682811270.00|425517597.00|0.00|0.00|0|10185302247.00|34947267938.00|59755775.00|27408088148.00|314436|292528944528.00|SEP2019|2019-09
09/28/2019|8634|95795|147342|669|0|0|0|27346|68847|58|68144|18285482064.00|93806159555.00|128727790927.00|538946194.00|0.00|0.00|0|14612213642.00|44254205380.00|63221548.00|37548919439.00|416835|337836938749.00|SEP2019|2019-09
09/29/2019|7941|91360|143345|614|0|0|0|26982|69490|41|69458|15591907882.00|83380159561.00|114480637030.00|505130190.00|0.00|0.00|0|13873016460.00|42516940530.00|50839999.00|35667830663.00|409231|306066462315.00|SEP2019|2019-09
09/30/2019|6442|63216|92626|341|0|0|0|15163|41058|57|42181|17239329054.00|76320096691.00|97300949062.00|319258600.00|0.00|0.00|0|8904725832.00|30147778151.00|182756441.00|25105716921.00|261084|255520610752.00|SEP2019|2019-09
10/01/2019|6890|62953|93353|323|0|0|0|15298|41877|57|40669|15221676233.00|70852809082.00|89377439087.00|328105718.00|0.00|0.00|0|7971076744.00|28164133730.00|46669028.00|22913042134.00|261420|234874951756.00|OCT2019|2019-10
10/02/2019|7095|65859|96555|346|0|0|0|16392|44284|41|42050|17002569417.00|71962701554.00|93598626196.00|326360709.00|0.00|0.00|0|8502049870.00|29060713502.00|40953279.00|23436517006.00|272622|243930491533.00|OCT2019|2019-10
10/03/2019|7410|67079|99583|348|0|0|0|16672|45484|66|43177|17728824146.00|76327692936.00|97577409581.00|416408903.00|0.00|0.00|0|8533537367.00|32410006622.00|302420236.00|23509645827.00|279819|256805945618.00|OCT2019|2019-10
10/04/2019|8018|74408|111209|369|0|0|0|19532|52519|68|50084|20553704919.00|81972052897.00|105456218992.00|315687341.00|0.00|0.00|0|9908381278.00|35903964483.00|165025928.00|27517500070.00|316207|281792535908.00|OCT2019|2019-10
10/05/2019|8654|94337|145027|628|0|0|0|27986|70946|65|69226|16993316492.00|90391200799.00|124966360715.00|567194721.00|0.00|0.00|0|13624176948.00|46675968795.00|63889701.00|35578483870.00|416869|328860592041.00|OCT2019|2019-10
10/06/2019|8495|92360|145332|608|0|0|0|27965|72144|54|71627|16289896622.00|81775008129.00|119391981370.00|424760125.00|0.00|0.00|0|13370566811.00|47457263002.00|105022134.00|33027973916.00|418585|311842472109.00|OCT2019|2019-10
10/07/2019|7035|65256|96769|305|0|0|0|16128|43627|47|45554|16591147990.00|71941611062.00|94658990524.00|238569541.00|0.00|0.00|0|8595287008.00|29495805630.00|39277099.00|24922866124.00|274721|246483554978.00|OCT2019|2019-10
10/08/2019|6957|63378|95038|341|0|0|0|16165|44234|50|41378|16019281356.00|67831919329.00|91392514602.00|319540534.00|0.00|0.00|0|8255763321.00|31947375334.00|116686328.00|22050508911.00|267541|237933589715.00|OCT2019|2019-10
10/09/2019|7435|64825|97680|367|0|0|1|16854|45387|80|43024|17341518768.00|69932431787.00|91504308415.00|400448464.00|0.00|0.00|500|8390612791.00|31056280597.00|115300496.00|23958691006.00|275653|242699592824.00|OCT2019|2019-10
10/10/2019|7699|65466|98674|415|0|0|0|17009|46479|66|43897|18581215078.00|70779322363.00|94640083338.00|411531966.00|0.00|0.00|0|8596792520.00|31560639722.00|221046981.00|23356048882.00|279705|248146680850.00|OCT2019|2019-10
10/11/2019|7598|69628|104373|395|0|0|0|19323|51045|67|49458|18220325602.00|74588850555.00|99128766086.00|397233011.00|0.00|0.00|0|9458788525.00|34213645462.00|128865455.00|25680831787.00|301887|261817306483.00|OCT2019|2019-10
10/12/2019|8566|94759|147201|629|0|0|0|28388|71899|60|69259|15959921416.00|88720692648.00|120754282941.00|552360151.00|0.00|0.00|0|13804567931.00|44569025120.00|77350817.00|34910973377.00|420761|319349174401.00|OCT2019|2019-10
10/13/2019|7972|84653|134778|664|0|0|0|26648|68469|73|68383|15578545003.00|73933739109.00|102446084607.00|562436382.00|0.00|0.00|0|12746319339.00|40178993476.00|41870569.00|31910622331.00|391640|277398610816.00|OCT2019|2019-10
10/14/2019|6661|63114|93863|349|0|0|0|16547|43902|46|45354|16638769552.00|68616753995.00|87660824122.00|246401996.00|0.00|0.00|0|8095652137.00|29454415042.00|46283055.00|23026079164.00|269836|233785179063.00|OCT2019|2019-10
10/15/2019|6776|61683|92918|364|0|0|0|16481|44439|36|42370|14185503280.00|65939841516.00|86734274773.00|423233294.00|0.00|0.00|0|8058216236.00|28965587363.00|21206932.00|23140923048.00|265067|227468786442.00|OCT2019|2019-10
10/16/2019|7103|63379|96989|336|0|0|0|16618|45501|62|42743|16646821813.00|67509152001.00|91482054095.00|460418767.00|0.00|0.00|0|7751083034.00|29698183546.00|119911958.00|21674089888.00|272731|235341715102.00|OCT2019|2019-10
10/17/2019|7521|64784|96799|363|0|0|0|16665|46416|60|43124|17873319381.00|70939018940.00|93012446314.00|351282936.00|0.00|0.00|0|8163761252.00|31080467030.00|194223487.00|22631025169.00|275732|244245544509.00|OCT2019|2019-10
10/18/2019|7865|72110|109942|457|0|0|0|20033|52761|41|50261|21986659460.00|74945527414.00|100266499808.00|373567065.00|0.00|0.00|0|9744099420.00|34461897375.00|69687069.00|25698843234.00|313470|267546780845.00|OCT2019|2019-10
10/19/2019|8654|94153|149274|627|0|0|0|27791|72548|51|68925|16533671385.00|86405311274.00|123668751126.00|518102830.00|0.00|0.00|0|13232497197.00|45883442800.00|35866395.00|33782901836.00|422023|320060544843.00|OCT2019|2019-10
10/20/2019|8245|86421|137726|595|0|0|0|26284|68003|45|67519|14300093702.00|73070904550.00|101518257467.00|493682637.00|0.00|0.00|0|11899357694.00|37685929158.00|15913086.00|30968033536.00|394838|269952171830.00|OCT2019|2019-10
10/21/2019|6798|62877|93784|324|0|0|0|16243|44344|51|45021|15273098023.00|70022089635.00|89438315566.00|376642735.00|0.00|0.00|0|7894376032.00|29344577473.00|126989105.00|23230252849.00|269442|235706341418.00|OCT2019|2019-10
10/22/2019|7188|63106|94854|363|0|0|0|16866|45808|45|43071|15595381702.00|65919489355.00|85454742220.00|396171128.00|0.00|0.00|0|8205686339.00|29506198412.00|31453111.00|23176556352.00|271301|228285678619.00|OCT2019|2019-10
10/23/2019|7340|64119|95302|364|0|0|0|15371|43832|34|39332|15583592541.00|67536614154.00|90514442512.00|380951710.00|0.00|0.00|0|7908736137.00|29779190862.00|27191069.00|22141403038.00|265694|233872122023.00|OCT2019|2019-10
10/24/2019|7390|64360|97278|353|0|0|0|17011|46413|44|43369|17610078938.00|71843768761.00|93440193396.00|333380740.00|0.00|0.00|0|8810968059.00|31132104711.00|47383849.00|23122516110.00|276218|246340394564.00|OCT2019|2019-10
10/25/2019|7676|73144|108368|424|0|0|0|19755|52563|52|50436|20182870138.00|79627774106.00|103937712757.00|449165481.00|0.00|0.00|0|10205747053.00|34473999758.00|78484500.00|26773690853.00|312418|275729444646.00|OCT2019|2019-10
10/26/2019|8678|95575|146903|626|0|0|0|27867|72805|57|69317|17425723432.00|91551137257.00|126420987876.00|549154992.00|0.00|0.00|0|14519804462.00|47685110013.00|101545139.00|36701261667.00|421828|334954724838.00|OCT2019|2019-10
10/27/2019|7963|91411|145686|706|0|0|0|27289|72222|50|71479|13598972020.00|79685923379.00|115212198719.00|553769630.00|0.00|0.00|0|13736908889.00|44863824505.00|67513964.00|34149645585.00|416806|301868756691.00|OCT2019|2019-10
10/28/2019|6692|63716|95086|376|0|0|0|16093|44096|65|44907|17630898614.00|73210065198.00|96211843672.00|405410219.00|0.00|0.00|0|8408207068.00|31302737569.00|164879279.00|24832649640.00|271031|252166691259.00|OCT2019|2019-10
10/29/2019|6550|62107|93619|344|0|0|1|15412|44188|51|40684|14942389886.00|68249394794.00|95752237309.00|423355855.00|0.00|0.00|10|8089421778.00|32859956832.00|153052085.00|23961679303.00|262956|244431487852.00|OCT2019|2019-10
10/30/2019|6755|64981|96568|387|0|0|0|16402|45580|60|42935|16370162264.00|70829685286.00|97340903137.00|406505258.00|0.00|0.00|0|8439020988.00|33720966687.00|99622099.00|24289846171.00|273668|251496711890.00|OCT2019|2019-10
10/31/2019|6992|65291|98239|397|0|0|0|16931|46584|59|44013|15791456833.00|76322670252.00|99076632546.00|370211149.00|0.00|0.00|0|9448603610.00|35838001146.00|175172710.00|24285818730.00|278506|261308566976.00|OCT2019|2019-10
11/01/2019|7365|70652|104233|416|0|0|1|18172|49762|42|46836|18297356777.00|76444050421.00|98891745748.00|367381206.00|0.00|0.00|1000|9057649866.00|32198830014.00|21896568.00|24954708213.00|297479|260233619813.00|NOV2019|2019-11
11/02/2019|8014|91851|141414|650|0|0|0|26675|69224|57|65861|14680839832.00|85645106708.00|122880474190.00|584830705.00|0.00|0.00|0|13625729996.00|47500300160.00|51973969.00|33540569479.00|403746|318509825039.00|NOV2019|2019-11
11/03/2019|7877|89647|142427|654|0|0|0|27560|71838|54|71470|14837584488.00|75116381433.00|107034475222.00|547394024.00|0.00|0.00|0|13737139009.00|42841814466.00|36317773.00|33375137435.00|411527|287526243850.00|NOV2019|2019-11
11/04/2019|6344|61860|90863|360|0|0|0|15657|44207|50|44675|15829600611.00|67689643926.00|87841216324.00|357834354.00|0.00|0.00|0|8016219265.00|29947780795.00|40276586.00|23671101497.00|264016|233393673358.00|NOV2019|2019-11
11/05/2019|6664|63175|94836|378|0|0|2|17210|47025|52|44825|15361088009.00|66000788099.00|86417524254.00|305653290.00|0.00|0.00|180000|8710535255.00|31202005356.00|45113340.00|24961682477.00|274167|233004570080.00|NOV2019|2019-11
11/06/2019|6673|64590|96203|328|0|0|2|17935|48803|53|45963|16514425025.00|66624785473.00|90743794566.00|327521565.00|0.00|0.00|160000|8909848974.00|34457569438.00|159624074.00|25288995293.00|280550|243026724408.00|NOV2019|2019-11
11/07/2019|7232|66222|96932|352|0|0|4|17914|48817|74|46382|16335535837.00|67897974294.00|92417417704.00|274752118.00|0.00|0.00|197350|9024076282.00|33555225013.00|65434299.00|24852399826.00|283929|244423012723.00|NOV2019|2019-11
11/08/2019|7652|74882|110884|445|0|0|1|20434|55025|63|52549|18844109486.00|78377028625.00|102226679409.00|406162904.00|0.00|0.00|200000|10018299560.00|36159925038.00|86729809.00|27158234855.00|321935|273277369686.00|NOV2019|2019-11
11/09/2019|8601|95888|148233|660|0|0|6|29697|76719|64|73543|15782946721.00|84375688705.00|113109956492.00|527199392.00|0.00|0.00|3018240|13948337857.00|45358950336.00|40581220.00|34753777314.00|433411|307900456277.00|NOV2019|2019-11
11/10/2019|7885|90734|141533|642|0|0|4|27982|72888|70|72533|14560275678.00|75095861757.00|106000923444.00|496871475.00|0.00|0.00|6168467|13456554799.00|42669990441.00|50002270.00|32985141542.00|414271|285321789873.00|NOV2019|2019-11
11/11/2019|6444|63470|93452|375|0|0|7|16590|45618|51|46202|13432924695.00|69246575096.00|87122329139.00|359889120.00|0.00|0.00|6044464|8526515436.00|31309891666.00|31093250.00|24569584345.00|272209|234604847211.00|NOV2019|2019-11
11/12/2019|6689|61919|92469|349|0|0|3|16407|45686|50|42779|14351709940.00|63943236081.00|84296226452.00|363641395.00|0.00|0.00|1844700|8705381718.00|30416463920.00|163149904.00|23109713735.00|266351|225351367845.00|NOV2019|2019-11
11/13/2019|6806|63607|94155|389|0|0|13|16590|45785|63|43142|14987804266.00|65084956212.00|84614402583.00|321956874.00|0.00|0.00|7568714|8407161601.00|31814782523.00|133041000.00|23346051857.00|270550|228717725630.00|NOV2019|2019-11
11/14/2019|7311|64272|95219|394|0|0|20|16987|46905|36|43887|16214711671.00|67772354016.00|90343873135.00|297399178.00|0.00|0.00|4848031|8365364784.00|32271028464.00|14921499.00|23031056841.00|275031|238315557619.00|NOV2019|2019-11
11/15/2019|7728|71678|106822|414|0|0|18|18895|52078|55|48815|17437021011.00|72979604655.00|98210686430.00|349859185.00|0.00|0.00|18306322|9904356461.00|37372588904.00|42749240.00|25941593843.00|306503|262256766051.00|NOV2019|2019-11
11/16/2019|8862|93272|144921|710|0|0|23|28259|74170|50|68698|16239130858.00|82820645474.00|120697414837.00|629663406.00|0.00|0.00|16115193|13953216249.00|46953676055.00|30138504.00|33487233507.00|418965|314827234083.00|NOV2019|2019-11
11/17/2019|8391|87370|139833|623|0|0|31|27757|71850|50|70964|13759134585.00|70099460182.00|104737861071.00|482897490.00|0.00|0.00|13232131|13222539309.00|42515783068.00|30534806.00|32126003369.00|406869|276987446011.00|NOV2019|2019-11
11/18/2019|6569|62919|92727|359|0|0|32|16332|44942|46|44841|14173008725.00|65523592886.00|84280996133.00|267083725.00|0.00|0.00|11063366|8168311572.00|31130211516.00|49738982.00|23152176140.00|268767|226756183045.00|NOV2019|2019-11
11/19/2019|6565|60875|91095|308|0|0|36|17235|47807|46|44331|13757932017.00|62485871673.00|80874320824.00|338961968.00|0.00|0.00|16704816|7910966938.00|31689373379.00|49526064.00|22895375538.00|268298|220019033217.00|NOV2019|2019-11
11/20/2019|7165|63355|94257|356|0|0|27|16695|45843|34|42452|15318067874.00|66968443919.00|87593467238.00|304643488.00|0.00|0.00|8613813|8151100951.00|30259418756.00|148697926.00|23217818678.00|270184|231970272643.00|NOV2019|2019-11
11/21/2019|7503|63885|95919|391|0|0|37|17066|47427|42|43914|16938882513.00|68067777838.00|90819512096.00|379536801.00|0.00|0.00|10852817|8816580475.00|33267484402.00|39835445.00|23213565220.00|276184|241554027607.00|NOV2019|2019-11
11/22/2019|7901|71891|108853|394|0|0|49|20219|55135|65|51457|17774662195.00|74994018849.00|98549774302.00|381421482.00|0.00|0.00|151195048|10022790335.00|35777815848.00|50515551.00|25503455447.00|315964|263205649057.00|NOV2019|2019-11
11/23/2019|8966|94926|147328|690|0|0|89|28416|74804|57|69537|17786099433.00|85864116464.00|118653217118.00|599310962.00|0.00|0.00|53733905|13723587047.00|46321014322.00|58870056.00|36118133893.00|424813|319178083200.00|NOV2019|2019-11
11/24/2019|8570|90212|144468|674|0|0|83|27837|74891|71|73524|14121438751.00|74847575037.00|107380627837.00|511852961.00|0.00|0.00|51437603|13579519029.00|45738492315.00|35111815.00|33922775378.00|420330|290188830726.00|NOV2019|2019-11
11/25/2019|6670|61463|92619|349|0|0|104|16402|45503|59|45810|13978301797.00|65384292864.00|88348866945.00|329996362.00|0.00|0.00|28366588|8075005089.00|31276728427.00|130677612.00|24843417695.00|268979|232395653379.00|NOV2019|2019-11
11/26/2019|6661|60500|90738|350|0|0|67|16516|45542|39|43183|16598280538.00|64523733137.00|88912982766.00|449272727.00|0.00|0.00|27801187|8527401685.00|31251860397.00|25531256.00|23922728936.00|263596|234239592629.00|NOV2019|2019-11
11/27/2019|7325|63369|95150|397|0|0|90|16947|47063|59|44152|16838194771.00|66388164978.00|95237710473.00|550861018.00|0.00|0.00|27381683|8976422974.00|33297056507.00|168826910.00|24882360272.00|274552|246366979586.00|NOV2019|2019-11
11/28/2019|7607|64490|96918|398|0|0|101|17189|48160|55|44627|16992142361.00|71665499575.00|101285430609.00|395583046.00|0.00|0.00|38607262|9086065577.00|36648542494.00|58999458.00|26058413168.00|279545|262229283550.00|NOV2019|2019-11
11/29/2019|7888|74595|113454|420|0|0|101|20305|56620|48|52631|20409620753.00|81779960827.00|113989167944.00|372245758.00|0.00|0.00|52658439|10595769072.00|40851013898.00|41868001.00|30168473555.00|326062|298260778247.00|NOV2019|2019-11
11/30/2019|8698|93910|145309|688|0|0|161|27144|72181|62|68126|18647830409.00|91052592316.00|132664807496.00|528373658.00|0.00|0.00|116307124|15113119062.00|50094158172.00|111255306.00|37684680342.00|416279|346013123885.00|NOV2019|2019-11
12/01/2019|8322|88865|141512|702|0|0|169|27264|73245|53|70592|14793666637.00|74862543154.00|108623642357.00|673724636.00|0.00|0.00|142330438|13486176672.00|44968020564.00|67008284.00|33700540145.00|410724|291317652887.00|DEC2019|2019-12
12/02/2019|6377|60439|90199|349|0|0|237|15649|44492|40|44973|17162675339.00|67019490852.00|88659969918.00|283287915.00|0.00|0.00|84915244|8357685192.00|30469549643.00|59429628.00|24545557148.00|262755|236642560879.00|DEC2019|2019-12
12/03/2019|6432|62232|92134|348|0|0|142|16779|47137|53|44324|15059559399.00|66798890144.00|86999827581.00|362770503.00|0.00|0.00|94835665|8557003976.00|32243604068.00|163390261.00|25367611640.00|269581|235647493237.00|DEC2019|2019-12
12/04/2019|6890|63683|94745|399|0|0|100|17616|49015|51|45627|15675933948.00|68898864446.00|90301237780.00|356186207.00|0.00|0.00|52292146|9083800435.00|34591556579.00|57539092.00|25525938327.00|278126|244543348960.00|DEC2019|2019-12
12/05/2019|7507|66593|100228|428|0|0|151|18900|51746|54|47969|17221714248.00|72611707298.00|102889072322.00|580562275.00|0.00|0.00|127381878|10307383863.00|38677191598.00|148564381.00|26098738048.00|293576|268662315911.00|DEC2019|2019-12
12/06/2019|7872|73518|111219|446|0|0|162|21577|58037|66|54793|18866135983.00|78877392580.00|107220986722.00|462232747.00|0.00|0.00|124551164|12315182425.00|44750691713.00|84710763.00|31183538841.00|327690|293885422938.00|DEC2019|2019-12
12/07/2019|8665|94675|147787|709|0|0|238|29865|77077|76|73540|15595161747.00|85686359907.00|125031499902.00|678840634.00|0.00|0.00|157991724|15864775395.00|50068871617.00|74970673.00|39170384740.00|432632|332328856339.00|DEC2019|2019-12
12/08/2019|8435|93008|146994|748|0|0|263|29976|78971|81|78053|14701180554.00|78278400639.00|112028323994.00|604418708.00|0.00|0.00|187589181|15019642941.00|49514802960.00|59087000.00|37405721513.00|436529|307799167490.00|DEC2019|2019-12
12/09/2019|7038|64227|96342|420|0|0|339|17730|49519|73|49888|13113193526.00|66928165321.00|91836220574.00|369393457.00|0.00|0.00|153443902|9213378258.00|34530161243.00|211205565.00|27362151161.00|285576|243717313007.00|DEC2019|2019-12
01/01/2020|8331|77257|112641|463|0|0|231|19112|51805|63|51049|18987216115.00|86054372894.00|93212430793.00|372311656.00|0.00|0.00|113593920|8808762461.00|29053616284.00|32933988.00|21773343425.00|320952|258408581536.00|JAN2020|2020-01
01/02/2020|8649|79737|112902|424|0|0|249|18372|50007|55|47855|24565726963.00|100057423363.00|106922991664.00|398378223.00|0.00|0.00|125434168|8882488288.00|30164256218.00|39857039.00|22673838779.00|318250|293830394705.00|JAN2020|2020-01
01/03/2020|8404|79565|113949|412|0|0|312|19022|50721|43|49989|22566177315.00|97951449217.00|114114710047.00|356089947.00|0.00|0.00|266425869|9452710339.00|34705783669.00|56207865.00|25925457764.00|322417|305395012032.00|JAN2020|2020-01
01/04/2020|8987|93270|139436|563|0|0|392|25618|67357|68|63971|18392523138.00|95896701414.00|118440945632.00|526463999.00|0.00|0.00|249324106|12800774819.00|39810981561.00|45156394.00|32576731682.00|399662|318739602745.00|JAN2020|2020-01
01/05/2020|8233|83940|130019|588|0|0|391|24483|65027|61|65047|17771813478.00|81492341054.00|102725231146.00|450676237.00|0.00|0.00|249156333|12042359720.00|38058973789.00|54406811.00|30005173625.00|377789|282850132193.00|JAN2020|2020-01
01/06/2020|6748|65917|95616|347|0|0|431|15844|43056|60|44871|16800087040.00|81068695104.00|94815927717.00|323410656.00|0.00|0.00|240073997|7881252608.00|29521311250.00|294184984.00|24287869463.00|272890|255232812819.00|JAN2020|2020-01
