date|userib|balance|mutasi|registrasi|aktivasi|payment|login|purchase|transfer|ownacc|otheracc|domesticbank|transferidr|transfersgd|transferusd|paymentidr|purchaseidr|ownaccidr|otheraccidr|domesticbankidr|totaltxn|totalidr|totalsgd|totalusd|bln|mth
12/31/2018|7626433|1721419|3383249|2263|0|32422|3764227|26842|529937|0|0|30069|2.2046619E12|24663|230745|111424782517.00|3581383900.00|0.00|0.00|240257396449.00|5726201|2559925428242.00|24663|230745|DEC2018|2018-12
01/01/2019|7629041|1340632|2413970|2608|0|21122|3119741|22899|322672|0|0|0|1.0743104E12|5467|101716|60298306387.00|2914010000.00|0.00|0.00|0.00|4123903|1137522669737.00|5467|101716|JAN2019|2019-01
01/02/2019|7631169|1945168|3518314|2431|0|62819|4281684|33863|581455|0|0|33544|2.6403057E12|19780|343079|186559291133.00|4678849700.00|0.00|0.00|266633057332.00|6177594|3098176939313.00|19780|343079|JAN2019|2019-01
01/03/2019|7635479|1973979|3233799|4363|0|59334|4336951|30110|592812|0|0|27847|2.8423069E12|17429|340640|171554419734.00|4280321800.00|0.00|0.00|243529640816.00|5922244|3261671260846.00|17429|340640|JAN2019|2019-01
01/04/2019|7639568|1924099|3273315|4165|0|64903|4327196|28994|608033|0|0|26772|2.9562607E12|37301|613064|158919283870.00|4073896500.00|0.00|0.00|244086657650.00|5930281|3363340528062.00|37301|613064|JAN2019|2019-01
01/05/2019|7642098|1552246|3056183|2530|0|35149|3741259|23922|506148|0|0|0|2.0393532E12|15400|164451|78435782058.00|3296751200.00|0.00|0.00|0.00|5176178|2121085760826.00|15400|164451|JAN2019|2019-01
01/06/2019|7642923|1212210|2907977|825|0|23471|3088469|21396|332161|0|0|0|1.1483733E12|15123|176700|49913921029.00|2749370800.00|0.00|0.00|0.00|4498040|1201036604989.00|15123|176700|JAN2019|2019-01
01/07/2019|7645403|1945397|3639924|2532|0|73978|4312267|30779|634044|0|0|34738|3.2194817E12|69524|684998|166401242940.00|4469478900.00|0.00|0.00|310112383883.00|6361392|3700464772481.00|69524|684998|JAN2019|2019-01
01/08/2019|7649957|1888749|3160346|4691|0|60685|4236915|26822|586026|0|0|23345|2.9787643E12|32755|342576|152601927801.00|3921977910.00|0.00|0.00|230747731809.00|5750664|3366035962937.00|32755|342576|JAN2019|2019-01
01/09/2019|7653655|1805095|3215782|3759|0|62460|4113843|26047|573229|0|0|20689|2.8193547E12|20542|397035|157727115561.00|3638682700.00|0.00|0.00|206770647963.00|5707061|3187491160913.00|20542|397035|JAN2019|2019-01
01/10/2019|7657303|1875549|3225217|3692|0|75849|4204551|26040|583956|0|0|20497|2.847863E12|36351|485070|309215548031.00|4108712100.00|0.00|0.00|210301578525.00|5810800|3371488820531.00|36351|485070|JAN2019|2019-01
01/11/2019|7660878|1827983|3207159|3646|0|47901|4142978|26647|577886|0|0|19400|2.8097921E12|25893|344687|219771833137.00|3862371900.00|0.00|0.00|201405387452.00|5710622|3234831658343.00|25893|344687|JAN2019|2019-01
01/12/2019|7662966|1474496|2988379|2088|0|23640|3572742|22120|476466|0|0|0|1.9010078E12|9970|140634|69180893145.00|3089071550.00|0.00|0.00|0.00|4987189|1973277772268.00|9970|140634|JAN2019|2019-01
01/13/2019|7663709|1156249|2935377|743|0|16791|2969075|19711|314367|0|0|0|1.0787716E12|19223|86059|48516313484.00|2695452800.00|0.00|0.00|0.00|4443238|1129983386049.00|19223|86059|JAN2019|2019-01
01/14/2019|7666094|1918182|3519533|2424|0|54724|4256608|26538|607196|0|0|25767|3.014427E12|36981|360635|243459478974.00|3836315700.00|0.00|0.00|255263665045.00|6154364|3516986480264.00|36981|360635|JAN2019|2019-01
01/15/2019|7670377|1895655|3126729|4423|0|62060|4169758|25336|580781|0|0|19645|2.9109977E12|20807|324398|262648776938.00|3688401500.00|0.00|0.00|212694830791.00|5714629|3390029750714.00|20807|324398|JAN2019|2019-01
01/16/2019|7664985|1796749|3153929|3577|0|42804|4088892|22662|547933|0|0|17498|2.6781265E12|11450|314526|257269514995.00|3421236475.00|0.00|0.00|189536795268.00|5585152|3128354071509.00|11450|314526|JAN2019|2019-01
01/17/2019|7668316|1745588|3189392|3388|0|47729|3998200|24491|540539|0|0|16916|2.621338E12|20497|306258|272856010802.00|3457460250.00|0.00|0.00|182907537577.00|5568043|3080559001626.00|20497|306258|JAN2019|2019-01
01/18/2019|7671733|1805386|3041613|3474|0|59037|4037895|24479|546604|0|0|17575|2.6774022E12|14080|264553|309210378545.00|3441857670.00|0.00|0.00|190227478541.00|5498168|3180281944057.00|14080|264553|JAN2019|2019-01
01/19/2019|7673627|1503671|3038923|1894|0|38957|3582713|22447|465116|0|0|0|1.8409259E12|9350|99785|102291665430.00|2998943800.00|0.00|0.00|0.00|5071008|1946216468858.00|9350|99785|JAN2019|2019-01
01/20/2019|7674420|1207318|2940510|793|0|36724|2992756|19505|323045|0|0|0|1.0885852E12|2194|108633|77048450654.00|2507813190.00|0.00|0.00|0.00|4527895|1168141472547.00|2194|108633|JAN2019|2019-01
01/21/2019|7641486|1848318|3627423|2201|0|57768|4125271|26581|590779|0|0|24798|2.9386713E12|49936|295288|358463404509.00|3762801620.00|0.00|0.00|252700641279.00|6177868|3553598146812.00|49936|295288|JAN2019|2019-01
01/22/2019|7645487|1822238|3135561|4001|0|45639|4103571|24975|538343|0|0|18176|2.7208914E12|25835|326140|348002883731.00|3379305240.00|0.00|0.00|195095947099.00|5588933|3267369523508.00|25835|326140|JAN2019|2019-01
01/23/2019|7648596|1776879|3141932|3353|0|32041|4047217|24163|527636|0|0|16050|2.5883906E12|19155|234818|333903150388.00|3234554349.00|0.00|0.00|181545057951.00|5522054|3107073406732.00|19155|234818|JAN2019|2019-01
01/24/2019|7651679|1798955|3176180|3148|0|35164|4097995|24614|524365|0|0|17130|2.5817462E12|23968|314080|227415040100.00|3533808700.00|0.00|0.00|187221082824.00|5579556|2999916144326.00|23968|314080|JAN2019|2019-01
01/25/2019|7654988|2267384|3425765|3367|0|56170|4725527|28755|638331|0|0|30559|2.9889993E12|35517|381377|188797169276.00|4064929075.00|0.00|0.00|262646124935.00|6450331|3444507519524.00|35517|381377|JAN2019|2019-01
01/26/2019|7656989|1693736|3201042|2001|0|27493|3951446|24508|503760|0|0|0|1.9794181E12|17885|113373|81960715560.00|3245478350.00|0.00|0.00|0.00|5452540|2064624269704.00|17885|113373|JAN2019|2019-01
01/27/2019|7657877|1281346|3020447|888|0|16953|3173286|21169|342293|0|0|0|1.1621807E12|10320|114055|53545662993.00|2838235110.00|0.00|0.00|0.00|4683096|1218564602914.00|10320|114055|JAN2019|2019-01
01/28/2019|7660560|2242196|3836052|2736|0|51291|4711552|28900|672177|0|0|39629|3.2607374E12|50746|481432|208055222465.00|4104737500.00|0.00|0.00|356672660741.00|6872981|3829569980103.00|50746|481432|JAN2019|2019-01
01/29/2019|7665184|2111317|3326339|4834|0|42765|4574984|27136|608902|0|0|27583|3.0411056E12|38049|270974|181288917683.00|3857351000.00|0.00|0.00|265457902195.00|6148876|3491709795733.00|38049|270974|JAN2019|2019-01
01/30/2019|7669100|2239830|3231824|3965|0|38862|4651985|26468|615272|0|0|25711|3.0177702E12|27675|334540|160725980398.00|3755495065.00|0.00|0.00|247866775620.00|6181932|3430118442938.00|27675|334540|JAN2019|2019-01
01/31/2019|7672724|2563190|3701599|4217|0|49649|5106776|29303|756130|0|0|33075|3.5954297E12|54453|701328|204079143685.00|4137600400.00|0.00|0.00|281692361976.00|7137163|4085338803451.00|54453|701328|JAN2019|2019-01
02/01/2019|7676544|2445696|3473101|3884|0|62264|5008229|35216|781965|0|0|35857|3.5601338E12|57379|582781|207540609872.00|5311533574.00|0.00|0.00|284047400401.00|6837983|4057033309560.00|57379|582781|FEB2019|2019-02
02/02/2019|7678899|1807007|3258571|2355|0|28713|4087126|27593|572335|0|0|0|2.2499129E12|19235|170987|84399220363.00|3805810525.00|0.00|0.00|0.00|5696574|2338117899837.00|19235|170987|FEB2019|2019-02
02/03/2019|7679701|1413759|3126352|802|0|21869|3356905|22169|370837|0|0|0|1.2431264E12|9535|186703|57871214243.00|2983642700.00|0.00|0.00|0.00|4955788|1303981260213.00|9535|186703|FEB2019|2019-02
02/04/2019|7682382|2067343|3738503|2726|0|64878|4410541|29764|634639|0|0|41330|2.7306422E12|33268|367795|198986725198.00|4426001425.00|0.00|0.00|327687959717.00|6579183|3261742888887.00|33268|367795|FEB2019|2019-02
02/05/2019|7685749|1438441|2742876|3367|0|23699|3323463|22135|346421|0|0|0|1.079994E12|18303|132110|56612991527.00|2780873600.00|0.00|0.00|0.00|4576939|1139387845546.00|18303|132110|FEB2019|2019-02
02/06/2019|7688013|2007085|3481054|2551|0|70193|4383063|29099|569777|0|0|29666|2.5255277E12|81968|402907|208699381900.00|4396232000.00|0.00|0.00|238654056815.00|6189425|2977277377187.00|81968|402907|FEB2019|2019-02
02/07/2019|7692317|1996771|3368312|4359|0|65301|4370545|27528|579292|0|0|24747|2.6428475E12|13789|369031|207688102910.00|3938179080.00|0.00|0.00|222397897382.00|6066310|3076871686561.00|13789|369031|FEB2019|2019-02
02/08/2019|7696284|1985394|3387051|4022|0|64747|4378137|25153|583958|0|0|23451|2.7424021E12|35128|347161|221031293363.00|3892622925.00|0.00|0.00|225381125352.00|6073776|3192707128002.00|35128|347161|FEB2019|2019-02
02/09/2019|7698620|1629831|3189800|2336|0|35088|3830056|22649|484144|0|0|0|1.8706705E12|3300|148266|73531220455.00|3148439750.00|0.00|0.00|0.00|5363848|1947350133398.00|3300|148266|FEB2019|2019-02
02/10/2019|7699398|1312038|3105689|778|0|26620|3234021|19821|332567|0|0|0|1.0957363E12|11068|138676|50543092705.00|2621183450.00|0.00|0.00|0.00|4797513|1148900535175.00|11068|138676|FEB2019|2019-02
02/11/2019|7701839|1996461|3782770|2505|0|72220|4375539|26841|618938|0|0|29436|3.0452421E12|25895|416206|231283593890.00|3941412350.00|0.00|0.00|272415226807.00|6529171|3552882342828.00|25895|416206|FEB2019|2019-02
02/12/2019|7706286|1949144|3291670|4608|0|57831|4329601|24700|562846|0|0|20432|2.8460188E12|12556|444447|197461412389.00|3659325600.00|0.00|0.00|208001324350.00|5911231|3255140877962.00|12556|444447|FEB2019|2019-02
02/13/2019|7709794|1895630|3363981|3560|0|44751|4269253|24084|547624|0|0|17977|2.6703202E12|20229|274371|165284034270.00|3429872785.00|0.00|0.00|187191821768.00|5897607|3026225931357.00|20229|274371|FEB2019|2019-02
02/14/2019|7713226|1880038|3251993|3462|0|47445|4209540|24473|539026|0|0|17381|2.5954903E12|25444|326458|177305273323.00|3571312800.00|0.00|0.00|185923545706.00|5763818|2962290474009.00|25444|326458|FEB2019|2019-02
02/15/2019|7716542|1949733|3281858|3359|0|56485|4236758|24065|577692|0|0|18663|2.7777022E12|14502|407545|228591914101.00|3474935500.00|0.00|0.00|198633100446.00|5911855|3208402109440.00|14502|407545|FEB2019|2019-02
02/16/2019|7714086|1606303|3008935|2086|0|22468|3665087|21768|467668|0|0|0|1.866422E12|8572|146730|61273073705.00|3098297520.00|0.00|0.00|0.00|5129228|1930793421222.00|8572|146730|FEB2019|2019-02
02/17/2019|7714844|1278773|3050322|758|0|16706|3109031|18930|310357|0|0|0|1.0729558E12|1295|127661|47887226008.00|2508825400.00|0.00|0.00|0.00|4675846|1123351881666.00|1295|127661|FEB2019|2019-02
02/18/2019|7679291|1949067|3628813|2587|0|58824|4162500|25386|585693|0|0|24680|2.9442002E12|19513|290428|285044032969.00|3670091800.00|0.00|0.00|251045378290.00|6275050|3483959742886.00|19513|290428|FEB2019|2019-02
02/19/2019|7683393|1890047|3088642|4306|0|65896|4036411|23896|535504|0|0|18076|2.7048925E12|24236|288684|335244772200.00|3349894700.00|0.00|0.00|195648794516.00|5626367|3239135966818.00|24236|288684|FEB2019|2019-02
02/20/2019|7686889|1864388|3049619|3541|0|80541|3955362|22189|542604|0|0|17155|2.6924027E12|38775|348620|234922311019.00|3479926305.00|0.00|0.00|187892729990.00|5580037|3118697694357.00|38775|348620|FEB2019|2019-02
02/21/2019|7690229|1782801|2771810|3387|0|48741|3661146|25445|514594|0|0|16432|2.5334884E12|33616|275677|140140872808.00|3861231980.00|0.00|0.00|183111393380.00|5163210|2860601940229.00|33616|275677|FEB2019|2019-02
02/22/2019|7693130|1850948|2806912|2941|0|38809|3739114|25282|537520|0|0|17517|2.6487455E12|8324|275482|115693000173.00|3596588610.00|0.00|0.00|192047793627.00|5279929|2960082920351.00|8324|275482|FEB2019|2019-02
02/23/2019|7695088|1568963|2844818|1958|0|19365|3432571|22236|459191|0|0|0|1.8643247E12|3203|99717|53941792097.00|2991338820.00|0.00|0.00|0.00|4916531|1921257878406.00|3203|99717|FEB2019|2019-02
02/24/2019|7695836|1308581|3072355|748|0|13946|3150415|19574|313828|0|0|0|1.1009915E12|4340|98092|41369123002.00|2560509300.00|0.00|0.00|0.00|4729032|1144921106366.00|4340|98092|FEB2019|2019-02
02/25/2019|7698283|2259564|3864883|2491|0|58115|4653316|28432|655578|0|0|35324|3.2332867E12|77505|402874|203999363800.00|4069235200.00|0.00|0.00|325674814554.00|6904387|3767030067999.00|77505|402874|FEB2019|2019-02
02/26/2019|7702569|2191690|3377537|4489|0|50395|4576239|26555|604579|0|0|28970|3.0806599E12|77950|399870|185848933796.00|3831734900.00|0.00|0.00|280187598995.00|6284215|3550528194178.00|77950|399870|FEB2019|2019-02
02/27/2019|7706252|2291735|3515292|3748|0|48317|4715494|27070|630529|0|0|28454|3.1563275E12|29736|457880|182275149364.00|4314017296.00|0.00|0.00|270040438306.00|6545145|3612957144321.00|29736|457880|FEB2019|2019-02
02/28/2019|7710378|2911128|3894574|4200|0|62800|5543174|30326|832842|0|0|39443|3.9015976E12|44367|418297|217977410429.00|4543022350.00|0.00|0.00|319210822452.00|7775313|4443328834697.00|44367|418297|FEB2019|2019-02
03/01/2019|7713820|2528564|3529612|4066|0|64474|5100943|35094|804170|0|0|41098|3.6236541E12|14953|510925|176520794910.00|5404274400.00|0.00|0.00|302377444341.00|7007078|4107956643302.00|14953|510925|MAR2019|2019-03
03/02/2019|7716447|1872092|3247590|2627|0|32891|4148651|28042|575748|0|0|0|2.2399831E12|14166|150086|80383575916.00|3864231600.00|0.00|0.00|0.00|5758990|2324230889913.00|14166|150086|MAR2019|2019-03
03/03/2019|7717393|1431655|3210816|946|0|24079|3380869|23218|386189|0|0|0|1.2694823E12|3471|171494|63915989512.00|3165296800.00|0.00|0.00|0.00|5076903|1336563560522.00|3471|171494|MAR2019|2019-03
03/04/2019|7719694|2211026|3935410|2651|0|88726|4651053|30821|707357|0|0|46846|3.314314E12|32050|476337|222877113054.00|4694302500.00|0.00|0.00|367566085216.00|7022837|3909451526724.00|32050|476337|MAR2019|2019-03
03/05/2019|7724587|2154571|3334571|4965|0|73060|4553471|28194|639564|0|0|29128|3.0813339E12|36461|470076|175853569527.00|4207564250.00|0.00|0.00|249656653305.00|6264053|3511051645926.00|36461|470076|MAR2019|2019-03
03/06/2019|7728284|2017047|3392317|3748|0|64762|4448225|26741|598772|0|0|25382|2.8211719E12|32708|385750|163329836694.00|4047300800.00|0.00|0.00|234584357971.00|6128769|3223133436134.00|32708|385750|MAR2019|2019-03
03/07/2019|7730445|1475969|2924239|2161|0|31515|3475496|19690|390284|0|0|0|1.4815468E12|6627|102855|62352065094.00|2596910300.00|0.00|0.00|0.00|4843858|1546495822317.00|6627|102855|MAR2019|2019-03
03/08/2019|7733158|2021805|3809745|2771|0|72197|4456523|24944|614509|0|0|29149|2.9717338E12|57982|598349|170313129897.00|3603874900.00|0.00|0.00|271032928103.00|6575120|3416683717402.00|57982|598349|MAR2019|2019-03
03/09/2019|7735874|1622462|3138533|2716|0|35150|3836085|21735|494766|0|0|0|1.9487662E12|21600|194052|68061427800.00|3017915800.00|0.00|0.00|0.00|5315362|2019845560992.00|21600|194052|MAR2019|2019-03
03/10/2019|7736774|1331455|3148392|900|0|27574|3251223|18603|341672|0|0|0|1.1587179E12|12250|143298|51283242551.00|2419213800.00|0.00|0.00|0.00|4868596|1212420345290.00|12250|143298|MAR2019|2019-03
03/11/2019|7739086|2014006|3815849|2513|0|75689|4446469|25999|630489|0|0|30547|3.1389985E12|28543|410869|190375076795.00|3852129500.00|0.00|0.00|287752525759.00|6595092|3620978244908.00|28543|410869|MAR2019|2019-03
03/12/2019|7743828|1973143|3215678|4811|0|60273|4392786|24021|572960|0|0|21249|2.8982561E12|9339|279238|159977681528.00|3582320850.00|0.00|0.00|218299888636.00|5872135|3280115946492.00|9339|279238|MAR2019|2019-03
03/13/2019|7747604|1882634|3339204|3836|0|52152|4283380|23245|571298|0|0|18974|2.7659861E12|44592|307376|136222072153.00|3440602900.00|0.00|0.00|203546354213.00|5891343|3109195172705.00|44592|307376|MAR2019|2019-03
03/14/2019|7751223|1869683|3346356|3668|0|51885|4247132|24108|561486|0|0|17776|2.7204608E12|36408|322968|141023302998.00|3537324100.00|0.00|0.00|189279855147.00|5874962|3054301328054.00|36408|322968|MAR2019|2019-03
03/15/2019|7754792|1974831|3403137|3623|0|57304|4380909|23310|591676|0|0|19315|2.8596355E12|25944|310259|132693831435.00|3652798900.00|0.00|0.00|205179334811.00|6073196|3201161435375.00|25944|310259|MAR2019|2019-03
03/16/2019|7754022|1641062|3111715|2333|0|22330|3841288|20310|470240|0|0|0|1.8972681E12|10686|120117|51604128644.00|2826859900.00|0.00|0.00|0.00|5267990|1951699055720.00|10686|120117|MAR2019|2019-03
03/17/2019|7754769|1291338|3167487|747|0|15678|3217988|17564|323217|0|0|0|1.1154878E12|2376|102346|37945827863.00|2320538500.00|0.00|0.00|0.00|4816031|1155754152596.00|2376|102346|MAR2019|2019-03
03/18/2019|7757190|1918289|3797095|2592|0|61468|4326146|24121|600965|0|0|24504|3.0095246E12|27972|301125|171136087830.00|3570512100.00|0.00|0.00|259896744322.00|6429034|3444127945995.00|27972|301125|MAR2019|2019-03
03/19/2019|7762654|1911715|3269741|5532|0|69354|4266500|22865|548711|0|0|18452|2.7837938E12|15866|348745|182391213279.00|3290667100.00|0.00|0.00|205795073660.00|5846370|3175270760741.00|15866|348745|MAR2019|2019-03
03/20/2019|7766728|1869159|3266583|4133|0|81964|4263022|23109|548109|0|0|17671|2.6706214E12|30693|343566|188341710824.00|3295715800.00|0.00|0.00|196745661764.00|5810728|3059004461558.00|30693|343566|MAR2019|2019-03
03/21/2019|7733830|1813057|3241815|3879|0|47366|4155867|22843|530690|0|0|17000|2.5893037E12|7968|364511|140466795561.00|3347515043.00|0.00|0.00|190242755609.00|5676650|2923360746137.00|7968|364511|MAR2019|2019-03
03/22/2019|7737707|1819092|3246182|3935|0|42089|4163072|23763|546583|0|0|17995|2.6907677E12|15372|300363|130162791590.00|3527772400.00|0.00|0.00|199786391870.00|5699639|3024244655463.00|15372|300363|MAR2019|2019-03
03/23/2019|7740044|1544181|3146361|2337|0|22493|3735609|20815|466694|0|0|0|1.8474239E12|5118|112448|63668995784.00|2942197800.00|0.00|0.00|0.00|5202881|1914035058348.00|5118|112448|MAR2019|2019-03
03/24/2019|7740843|1276199|3092982|799|0|15638|3190591|19183|313303|0|0|0|1.0841474E12|8735|96132|47724336089.00|2541396300.00|0.00|0.00|0.00|4718104|1134413097587.00|8735|96132|MAR2019|2019-03
03/25/2019|7743218|2177178|3887621|2460|0|61336|4630108|27445|651789|0|0|35221|3.2243205E12|19460|387027|216410795973.00|4142922160.00|0.00|0.00|327812071117.00|6843050|3772686326071.00|19460|387027|MAR2019|2019-03
03/26/2019|7748295|2077588|3326949|5373|0|56147|4489931|24964|597024|0|0|26884|2.9841678E12|26142|372628|216331427621.00|3584285275.00|0.00|0.00|268057506912.00|6114929|3472140994273.00|26142|372628|MAR2019|2019-03
03/27/2019|7752308|2071794|3420311|4091|0|47304|4526275|25502|596973|0|0|24437|2.9056124E12|19790|400316|181257556745.00|3898352180.00|0.00|0.00|246279240985.00|6190412|3337047507514.00|19790|400316|MAR2019|2019-03
03/28/2019|7756114|2238622|3560420|4117|0|55295|4755102|26424|632832|0|0|27371|3.0541715E12|29173|567611|213109849173.00|3723771760.00|0.00|0.00|254745631191.00|6545081|3525750789489.00|29173|567611|MAR2019|2019-03
03/29/2019|7760368|2310772|3630455|4309|0|58492|4876659|27412|693946|0|0|33446|3.3503775E12|26958|362957|211890836878.00|3980638920.00|0.00|0.00|293690253980.00|6758832|3859939222666.00|26958|362957|MAR2019|2019-03
03/30/2019|7763156|1800071|3639024|2788|0|32128|4151784|24250|576626|0|0|0|2.3488701E12|4650|161243|95906503330.00|3449891280.00|0.00|0.00|0.00|6074887|2448226530055.00|4650|161243|MAR2019|2019-03
03/31/2019|7764069|1510114|3297269|913|0|26770|3584115|21530|401262|0|0|0|1.4216946E12|15509|117066|67814724986.00|2847114900.00|0.00|0.00|0.00|5257858|1492356472540.00|15509|117066|MAR2019|2019-03
04/01/2019|7766358|2301364|3982421|2807|0|71174|4940885|33705|813394|0|0|48414|3.7371486E12|26808|401493|263386325881.00|5031041020.00|0.00|0.00|372402964232.00|7253279|4377968903358.00|26808|401493|APR2019|2019-04
04/02/2019|7771849|2146357|3488066|5581|0|56437|4671733|28439|680549|0|0|31843|3.2186507E12|32582|398148|236909251462.00|4374350600.00|0.00|0.00|274393901477.00|6437272|3734328210518.00|32582|398148|APR2019|2019-04
04/03/2019|7774522|1551450|3093366|2673|0|30374|3667582|21857|427881|0|0|0|1.6256422E12|27340|151490|83371740951.00|3046407400.00|0.00|0.00|0.00|5127601|1712060301275.00|27340|151490|APR2019|2019-04
04/04/2019|7777143|2035941|3842891|2674|0|69592|4551811|27545|651007|0|0|33167|3.0935839E12|30073|349480|216360143099.00|4370092540.00|0.00|0.00|293275120901.00|6662817|3607589273703.00|30073|349480|APR2019|2019-04
04/05/2019|7781864|2081832|3477772|4771|0|62429|4573896|24585|656291|0|0|26590|3.1201289E12|70557|408658|211916309207.00|3757946500.00|0.00|0.00|243818858238.00|6334270|3579622051826.00|70557|408658|APR2019|2019-04
04/06/2019|7784436|1639662|3210211|2572|0|31525|3923218|21765|523206|0|0|0|2.0630221E12|14920|166210|75697986126.00|3211606460.00|0.00|0.00|0.00|5428941|2141931667851.00|14920|166210|APR2019|2019-04
04/07/2019|7785224|1337743|3113815|788|0|21223|3272405|18444|349233|0|0|0|1.1977437E12|13500|112447|52915482361.00|2507801300.00|0.00|0.00|0.00|4841246|1253167011345.00|13500|112447|APR2019|2019-04
04/08/2019|7787606|2054085|3847439|2628|0|70007|4549107|25540|653218|0|0|32172|3.2431843E12|43214|354369|244501882028.00|3847884980.00|0.00|0.00|299165361957.00|6685089|3790699476305.00|43214|354369|APR2019|2019-04
04/09/2019|7792594|1995607|3355295|5059|0|63705|4397261|23470|602078|0|0|22064|3.0160141E12|19036|282053|218517605224.00|3577062580.00|0.00|0.00|223352239826.00|6067278|3461461005476.00|19036|282053|APR2019|2019-04
04/10/2019|7796534|1977503|3410902|4008|0|69130|4404889|23992|604905|0|0|20108|2.9025761E12|8942|356488|233124793888.00|3690640990.00|0.00|0.00|206637186120.00|6110548|3346028728473.00|8942|356488|APR2019|2019-04
04/11/2019|7800373|1876418|3343714|3886|0|48243|4241225|23071|575145|0|0|18610|2.7490874E12|8097|325583|207395480172.00|3669628500.00|0.00|0.00|197697594645.00|5889087|3157850121112.00|8097|325583|APR2019|2019-04
04/12/2019|7804113|1870034|3344218|3788|0|43662|4253385|22805|587220|0|0|17832|2.8079702E12|46390|331770|209036712331.00|3494166100.00|0.00|0.00|191578388500.00|5889559|3212079438319.00|46390|331770|APR2019|2019-04
04/13/2019|7806495|1551288|3116593|2382|0|21146|3745716|20184|478067|0|0|0|1.9246978E12|13587|146889|56274499177.00|2995840600.00|0.00|0.00|0.00|5189660|1983968152060.00|13587|146889|APR2019|2019-04
04/14/2019|7807334|1291929|3051079|839|0|16219|3179875|19196|329391|0|0|0|1.1504926E12|3300|139771|41842055030.00|2538677500.00|0.00|0.00|0.00|4708653|1194873330806.00|3300|139771|APR2019|2019-04
04/15/2019|7809736|2011901|3787945|2402|0|65037|4418414|24085|644236|0|0|25471|3.2491756E12|21031|520859|337460190241.00|3749142700.00|0.00|0.00|264225842500.00|6561077|3854610757980.00|21031|520859|APR2019|2019-04
04/16/2019|7805754|1933272|3266207|4926|0|48505|4287352|22684|578489|0|0|18958|2.9222864E12|19524|437989|206677285090.00|3503566800.00|0.00|0.00|214062364596.00|5873041|3346529580572.00|19524|437989|APR2019|2019-04
04/17/2019|7807830|1272956|2760667|2076|0|15912|3161360|17702|307449|0|0|0|1.1509682E12|9913|209176|45892664343.00|2418327500.00|0.00|0.00|0.00|4376762|1199279212166.00|9913|209176|APR2019|2019-04
04/18/2019|7774378|1805849|3635767|2445|0|59941|4135857|23295|545262|0|0|19644|2.7359749E12|55182|578039|173708875703.00|3689531200.00|0.00|0.00|226304123117.00|6092203|3139677383231.00|55182|578039|APR2019|2019-04
04/19/2019|7777036|1385476|3388882|2658|0|29282|3345392|18510|358882|0|0|0|1.3770676E12|19550|162342|72198118958.00|2661353300.00|0.00|0.00|0.00|5183690|1451927087219.00|19550|162342|APR2019|2019-04
04/20/2019|7777996|1534982|3474918|960|0|50119|3712876|19633|467431|0|0|0|1.8303645E12|8528|143305|101532309095.00|2804655600.00|0.00|0.00|0.00|5548043|1934701445602.00|8528|143305|APR2019|2019-04
04/21/2019|7778744|1276882|3079064|748|0|29424|3134322|17939|321290|0|0|0|1.1000707E12|15680|110125|50109212292.00|2464853100.00|0.00|0.00|0.00|4725347|1152644736107.00|15680|110125|APR2019|2019-04
04/22/2019|7780958|1987914|3778056|2492|0|50503|4342822|25243|599241|0|0|27407|3.1768407E12|12645|356409|186620372017.00|3795800500.00|0.00|0.00|296925306724.00|6470856|3664182143426.00|12645|356409|APR2019|2019-04
04/23/2019|7786367|1927572|3239523|5456|0|36281|4286899|23138|557359|0|0|18373|2.9930994E12|35608|314783|145384751016.00|3621959800.00|0.00|0.00|215927528004.00|5807702|3358033668061.00|35608|314783|APR2019|2019-04
04/24/2019|7790190|1892742|3395976|3879|0|34762|4282324|23448|544636|0|0|17832|2.822907E12|29461|385245|144269776910.00|3558691800.00|0.00|0.00|204429377134.00|5913275|3175164847844.00|29461|385245|APR2019|2019-04
04/25/2019|7794514|2247210|3600292|4389|0|54396|4745084|25610|646008|0|0|29727|3.2818719E12|47447|539813|202831846437.00|3714397100.00|0.00|0.00|289546677766.00|6607632|3777964781456.00|47447|539813|APR2019|2019-04
04/26/2019|7799200|2207722|3576079|4735|0|49766|4696048|26003|639269|0|0|30038|3.1768926E12|40876|481748|191177634745.00|3959384000.00|0.00|0.00|301575858102.00|6533612|3673605487710.00|40876|481748|APR2019|2019-04
04/27/2019|7802483|1746012|3298707|3283|0|24177|4037785|22700|521891|0|0|0|2.1716708E12|15255|110392|77883770812.00|3218350200.00|0.00|0.00|0.00|5616770|2252772959969.00|15255|110392|APR2019|2019-04
04/28/2019|7803314|1430424|3203902|831|0|16247|3361842|19269|358378|0|0|0|1.327967E12|17200|118634|51920903688.00|2650275700.00|0.00|0.00|0.00|5029051|1382538194425.00|17200|118634|APR2019|2019-04
04/29/2019|7805754|2311686|4021900|2672|0|49923|4922774|27838|692044|0|0|38666|3.5828847E12|35331|429206|228306303681.00|4129933300.00|0.00|0.00|364944489653.00|7144729|4180265394444.00|35331|429206|APR2019|2019-04
04/30/2019|7812429|2740987|3739011|6675|0|60424|5366781|28135|818943|0|0|38070|4.0609856E12|46729|667454|253309805289.00|4142140900.00|0.00|0.00|326376932296.00|7432245|4644814525529.00|46729|667454|APR2019|2019-04
05/01/2019|7816047|1782542|3128328|3687|0|31582|3959078|25196|534997|0|0|0|2.1443546E12|1297|230757|82534620865.00|3545950200.00|0.00|0.00|0.00|5506332|2230435146445.00|1297|230757|MAY2019|2019-05
05/02/2019|7818947|2233438|3961101|2900|0|65417|4820564|30299|750820|0|0|45207|3.5475404E12|29986|534714|198704303934.00|4922701200.00|0.00|0.00|363935184211.00|7089182|4115102604413.00|29986|534714|MAY2019|2019-05
05/03/2019|7823718|2252321|3513468|5410|0|61120|4802226|27187|685107|0|0|21381|3.2801447E12|39958|496905|169890422473.00|4427675000.00|0.00|0.00|202755141212.00|6565994|3657217968118.00|39958|496905|MAY2019|2019-05
05/04/2019|7826568|1738701|3314259|2850|0|33158|4047393|22330|554361|0|0|0|2.2983689E12|10767|159335|91230226940.00|3418239540.00|0.00|0.00|0.00|5665659|2393017367229.00|10767|159335|MAY2019|2019-05
05/05/2019|7827400|1398635|3183548|832|0|25711|3366288|18952|385710|0|0|0|1.3860436E12|24400|114658|64340076919.00|2665037300.00|0.00|0.00|0.00|5013388|1453048717269.00|24400|114658|MAY2019|2019-05
05/06/2019|7829934|2043999|3817800|2843|0|78643|4487105|25918|654186|0|0|39721|3.3718736E12|60613|553128|247620294367.00|4134401800.00|0.00|0.00|351976496393.00|6663110|3975604771862.00|60613|553128|MAY2019|2019-05
05/07/2019|7835320|1943359|3089579|5462|0|66687|4347975|23406|609256|0|0|24504|3.1547867E12|40167|336652|217496512925.00|3692325600.00|0.00|0.00|240584494616.00|5762253|3616560071045.00|40167|336652|MAY2019|2019-05
05/08/2019|7839510|1949134|3534427|4243|0|59356|4482430|23484|617820|0|0|22453|3.0368827E12|19576|365035|203432465364.00|3836582700.00|0.00|0.00|224981439969.00|6210917|3469133192567.00|19576|365035|MAY2019|2019-05
05/09/2019|7843383|1891997|3483216|3919|0|58123|4383649|22306|594508|0|0|20308|2.9106884E12|51809|486536|199778025022.00|3348740620.00|0.00|0.00|210078545170.00|6074377|3323893715400.00|51809|486536|MAY2019|2019-05
05/10/2019|7847326|1955046|3515224|3988|0|65959|4465046|22601|626005|0|0|20798|3.0606344E12|22916|461729|218283372437.00|3464791100.00|0.00|0.00|216367084522.00|6209621|3498749620330.00|22916|461729|MAY2019|2019-05
05/11/2019|7849649|1584226|3295390|2323|0|27744|3883201|19907|513225|0|0|0|2.1438817E12|19900|124696|66245975848.00|2952459800.00|0.00|0.00|0.00|5442815|2213080100352.00|19900|124696|MAY2019|2019-05
05/12/2019|7850613|1273667|3167074|964|0|17730|3250645|17278|349488|0|0|0|1.297844E12|9600|97623|43085108179.00|2427813300.00|0.00|0.00|0.00|4826201|1343356913758.00|9600|97623|MAY2019|2019-05
05/13/2019|7853042|1928234|3851479|2818|0|52596|4401093|23171|643549|0|0|27409|3.3198044E12|52464|484034|188709808190.00|3551839830.00|0.00|0.00|281382780976.00|6529256|3793448873313.00|52464|484034|MAY2019|2019-05
05/14/2019|7864244|1884258|3383554|11273|0|51475|4303910|22243|597887|0|0|19962|3.0947853E12|24160|582393|206394597357.00|3370858900.00|0.00|0.00|227000820137.00|5970652|3531551620712.00|24160|582393|MAY2019|2019-05
05/15/2019|7829704|1963315|3540275|4609|0|57174|4454755|22247|608194|0|0|19231|3.0146409E12|18364|434615|201559035518.00|3366051000.00|0.00|0.00|213647770443.00|6215045|3433213721392.00|18364|434615|MAY2019|2019-05
05/16/2019|7833157|1904043|3362460|4517|0|40180|4350716|21924|589272|0|0|18359|2.9260354E12|26219|393793|168583817237.00|3403297800.00|0.00|0.00|205280489467.00|5940755|3303303035684.00|26219|393793|MAY2019|2019-05
05/17/2019|7837785|2095294|3595825|4683|0|46966|4672698|21979|628058|0|0|19764|3.1448916E12|7886|379757|237352610331.00|3264883800.00|0.00|0.00|223088324837.00|6412569|3608597456297.00|7886|379757|MAY2019|2019-05
05/18/2019|7840902|1685377|3416654|3117|0|28574|4006754|19636|516196|0|0|0|2.169315E12|10614|110973|85896480440.00|2858448500.00|0.00|0.00|0.00|5669554|2258069934128.00|10614|110973|MAY2019|2019-05
05/19/2019|7841792|1349891|3219632|890|0|22585|3340158|17014|358274|0|0|0|1.3478502E12|7920|121256|57304013899.00|2382431000.00|0.00|0.00|0.00|4968286|1407536634778.00|7920|121256|MAY2019|2019-05
05/20/2019|7844350|2153967|3985390|2837|0|86765|4729510|24000|670469|0|0|28541|3.470816E12|13195|347654|414285825190.00|3768523500.00|0.00|0.00|299020157148.00|6951969|4187890532417.00|13195|347654|MAY2019|2019-05
05/21/2019|7850897|2144799|3564442|6605|0|54983|4691936|22873|624202|0|0|22464|3.214488E12|24818|493235|204663035668.00|3334787900.00|0.00|0.00|250738995389.00|6440368|3673224867195.00|24818|493235|MAY2019|2019-05
05/22/2019|7855479|2205117|3553126|4631|0|37442|4731667|28677|563138|0|0|24017|2.8187603E12|20176|422766|133560140510.00|3920176000.00|0.00|0.00|257440415322.00|6416148|3213680985845.00|20176|422766|MAY2019|2019-05
05/23/2019|7860255|2208307|3679079|4820|0|36994|4876899|23189|626735|0|0|24195|3.1614071E12|52324|603162|146904070105.00|3599911900.00|0.00|0.00|265787875198.00|6603319|3577698961420.00|52324|603162|MAY2019|2019-05
05/24/2019|7865428|2549636|3832712|5208|0|46521|5488143|23596|693168|0|0|31075|3.4733161E12|33562|396508|182278799523.00|3819540400.00|0.00|0.00|317016527792.00|7181916|3976431010451.00|33562|396508|MAY2019|2019-05
05/25/2019|7868915|1874318|3531414|3487|0|26424|4396163|21705|601618|0|0|0|2.568587E12|11495|143370|89863607946.00|3217153200.00|0.00|0.00|0.00|6058966|2661667779050.00|11495|143370|MAY2019|2019-05
05/26/2019|7869890|1405126|3328479|975|0|17753|3556488|19005|399200|0|0|0|1.5240629E12|11620|122436|62037900522.00|2708035100.00|0.00|0.00|0.00|5170538|1588808814737.00|11620|122436|MAY2019|2019-05
05/27/2019|7872284|2345748|4171348|2603|0|52460|5071928|26294|769788|0|0|47569|3.9496819E12|32865|433073|224677074279.00|4186506900.00|0.00|0.00|466581469182.00|7415810|4645126955920.00|32865|433073|MAY2019|2019-05
05/28/2019|7879728|2512787|3544919|7819|0|45727|5225815|23445|696434|0|0|31127|3.6473181E12|39768|437919|195415265275.00|3597569800.00|0.00|0.00|308657784179.00|6862258|4154988744348.00|39768|437919|MAY2019|2019-05
05/29/2019|7884817|2528920|4083857|5132|0|50943|5382765|28085|861292|0|0|43074|4.2738987E12|75305|446753|208749609978.00|4414035000.00|0.00|0.00|397379399103.00|7601303|4884441791983.00|75305|446753|MAY2019|2019-05
05/30/2019|7888243|1722065|3366812|3426|0|20282|4028731|21901|528419|0|0|0|2.2912779E12|21650|183342|72000214369.00|3163849600.00|0.00|0.00|0.00|5662905|2366442005239.00|21650|183342|MAY2019|2019-05
05/31/2019|7890931|2119769|4059011|2941|0|40778|4696664|26668|722279|0|0|41277|3.4335841E12|40067|446460|153801598966.00|4330332500.00|0.00|0.00|380284098656.00|7012723|3972000168721.00|40067|446460|MAY2019|2019-05
06/01/2019|7895572|1683038|3239153|4641|0|27953|3965520|23812|549009|0|0|0|2.1791974E12|8135|139548|77324181490.00|3492117900.00|0.00|0.00|0.00|5527606|2260013662246.00|8135|139548|JUN2019|2019-06
06/02/2019|7896370|1398749|3282072|798|0|19796|3469417|20308|421440|0|0|0|1.4459279E12|5417|103127|49773175543.00|2904411600.00|0.00|0.00|0.00|5143163|1498605463144.00|5417|103127|JUN2019|2019-06
06/03/2019|7897601|1536625|3516351|1277|0|38635|3662041|22189|468958|0|0|0|1.8202042E12|10610|131844|82352605340.00|3842206000.00|0.00|0.00|0.00|5584035|1906399001417.00|10610|131844|JUN2019|2019-06
06/04/2019|7900678|1359860|2949577|3077|0|29889|3378131|20577|378168|0|0|0|1.2717194E12|11068|97801|72808993925.00|2728708300.00|0.00|0.00|0.00|4741148|1347257109125.00|11068|97801|JUN2019|2019-06
06/05/2019|7901040|969458|3031084|362|0|20555|2795989|18188|247745|0|0|0|756156452424|2350|52300|51167801624.00|2225956500.00|0.00|0.00|0.00|4287392|809550210548.00|2350|52300|JUN2019|2019-06
06/06/2019|7901481|1104193|3033837|441|0|19960|2806944|16995|249236|0|0|0|741705543167|560|54593|43286955827.00|2118253200.00|0.00|0.00|0.00|4424662|787110752194.00|560|54593|JUN2019|2019-06
06/07/2019|7901672|1187362|3051771|469|0|25095|2889627|17389|265353|0|0|0|832838727329|19135|93858|54539175592.00|2239594800.00|0.00|0.00|0.00|4547439|889617497721.00|19135|93858|JUN2019|2019-06
06/08/2019|7903686|1205302|2743981|2014|0|24872|3049866|17242|283373|0|0|0|862502020712|4750|75016|53699006482.00|2247195100.00|0.00|0.00|0.00|4276784|918448222294.00|4750|75016|JUN2019|2019-06
06/09/2019|7904297|1118610|3005972|611|0|25379|3023571|17289|273631|0|0|0|869133121491|8190|103030|48382747510.00|2160372100.00|0.00|0.00|0.00|4441492|919676241101.00|8190|103030|JUN2019|2019-06
06/10/2019|7906521|1732071|3700771|2302|0|93723|4124268|25094|499631|0|0|42766|2.3907657E12|34450|472333|212583654134.00|3551360500.00|0.00|0.00|380614278527.00|6096358|2987515013822.00|34450|472333|JUN2019|2019-06
06/11/2019|7914250|1654778|3255091|7898|0|63679|4020253|22890|488399|0|0|20142|2.3519341E12|40657|371309|142388799383.00|3246159800.00|0.00|0.00|215652155349.00|5512877|2713221228606.00|40657|371309|JUN2019|2019-06
06/12/2019|7919081|1631895|3316805|4901|0|58918|4016304|22857|499828|0|0|17461|2.371393E12|21690|381871|140699731748.00|3494052600.00|0.00|0.00|191369114480.00|5552665|2706955874471.00|21690|381871|JUN2019|2019-06
06/13/2019|7923525|1607919|3317469|4509|0|50120|4008277|21784|506893|0|0|16526|2.4363285E12|27053|340427|120838501673.00|3093064500.00|0.00|0.00|177181418588.00|5525220|2737441457495.00|27053|340427|JUN2019|2019-06
06/14/2019|7927904|1645861|3202771|4437|0|52973|4052387|21459|522929|0|0|17328|2.5287484E12|20112|232430|121334041333.00|3243499600.00|0.00|0.00|190140908551.00|5467758|2843466893985.00|20112|232430|JUN2019|2019-06
06/15/2019|7930872|1369589|3055947|2968|0|30872|3617014|18923|448388|0|0|0|1.7707155E12|895|117385|61693000069.00|2669009600.00|0.00|0.00|0.00|4926687|1835077464068.00|895|117385|JUN2019|2019-06
06/16/2019|7931586|1089878|3114961|714|0|16740|3098310|16447|314414|0|0|0|1.0701344E12|7508|73909|37999430335.00|2303338200.00|0.00|0.00|0.00|4553154|1110437152254.00|7508|73909|JUN2019|2019-06
06/17/2019|7896472|1720192|3771928|2511|0|57335|4231364|22997|584477|0|0|23983|2.9572052E12|19570|329874|152788123531.00|3442472600.00|0.00|0.00|263482603073.00|6183423|3376918404541.00|19570|329874|JUN2019|2019-06
06/18/2019|7901921|1693691|3321759|6698|0|52119|4168596|20206|550381|0|0|17146|2.7927214E12|10258|293058|149731470540.00|3052959000.00|0.00|0.00|204922293834.00|5662000|3150428154856.00|10258|293058|JUN2019|2019-06
06/19/2019|7906288|1676742|3396710|4448|0|57200|4139374|20962|536230|0|0|16158|2.7064371E12|16851|266726|150536197948.00|3162715400.00|0.00|0.00|189918120633.00|5708450|3050054171227.00|16851|266726|JUN2019|2019-06
06/20/2019|7910400|1707030|3413240|4206|0|76607|4143408|21223|543837|0|0|16168|2.7237489E12|6777|356539|191295614402.00|3264265000.00|0.00|0.00|188259099247.00|5782311|3106567914117.00|6777|356539|JUN2019|2019-06
06/21/2019|7914969|1705937|3433090|4633|0|48161|4146318|21299|546584|0|0|17140|2.7258889E12|13307|397843|149423428673.00|3151720450.00|0.00|0.00|202344310928.00|5776844|3080808397660.00|13307|397843|JUN2019|2019-06
06/22/2019|7918130|1435955|3161348|3161|0|20467|3646902|18402|444475|0|0|0|1.8163482E12|3825|116426|76936528268.00|2661460500.00|0.00|0.00|0.00|5083808|1895946196025.00|3825|116426|JUN2019|2019-06
06/23/2019|7918826|1151062|3202491|696|0|12293|3125911|16341|308286|0|0|0|1.0698332E12|2570|127812|44204741137.00|2246517100.00|0.00|0.00|0.00|4691169|1116284419427.00|2570|127812|JUN2019|2019-06
06/24/2019|7921116|1778217|3844373|2369|0|37528|4232650|22285|568321|0|0|23982|2.948333E12|21203|386403|178313000443.00|3308489200.00|0.00|0.00|270245607979.00|6277075|3400200056241.00|21203|386403|JUN2019|2019-06
06/25/2019|7928056|2058495|3620074|7374|0|53442|4698245|24123|619372|0|0|27802|3.0867004E12|39568|465260|202103905672.00|3597804400.00|0.00|0.00|265789292472.00|6410682|3558191409290.00|39568|465260|JUN2019|2019-06
06/26/2019|7932844|1863847|3614122|4894|0|42747|4483133|22477|592447|0|0|24440|2.9335188E12|25180|422551|175174170814.00|3377132100.00|0.00|0.00|247531088695.00|6164974|3359601212760.00|25180|422551|JUN2019|2019-06
06/27/2019|7937762|1868360|3567819|4990|0|39467|4447150|21893|590136|0|0|24052|2.9618767E12|25415|374034|175754153085.00|3330734200.00|0.00|0.00|248518354602.00|6116717|3389479968506.00|25415|374034|JUN2019|2019-06
06/28/2019|7943021|2300814|3831256|5259|0|50037|4965168|24537|708342|0|0|33847|3.4740624E12|19793|512053|223750384398.00|3769540050.00|0.00|0.00|304420214160.00|6954092|4006002496819.00|19793|512053|JUN2019|2019-06
06/29/2019|7946587|1672361|3494883|3660|0|23432|4052745|20669|569165|0|0|0|2.3551254E12|16232|165100|83804389386.00|3049566500.00|0.00|0.00|0.00|5784170|2441979393598.00|16232|165100|JUN2019|2019-06
06/30/2019|7947485|1297312|3381303|898|0|19665|3429607|18596|399247|0|0|0|1.4409586E12|4691|130024|60224973089.00|2557480800.00|0.00|0.00|0.00|5117021|1503741086120.00|4691|130024|JUN2019|2019-06
07/01/2019|7949262|2175675|4178166|2643|0|63973|4911579|29473|794524|0|0|46158|3.7610573E12|17793|489006|220621737888.00|5024022000.00|0.00|0.00|385694908518.00|7290612|4372397987813.00|17793|489006|JUL2019|2019-07
07/02/2019|7956327|2036735|3621937|7144|0|57378|4601176|25574|673143|0|0|30437|3.226615E12|12719|387011|182599103077.00|4493358260.00|0.00|0.00|272867464844.00|6452348|3686574966700.00|12719|387011|JUL2019|2019-07
07/03/2019|7961920|1902304|3654451|5638|0|59929|4440391|24011|626377|0|0|24839|2.9735662E12|34618|483032|161505405075.00|4166706400.00|0.00|0.00|237969149877.00|6297549|3377207438228.00|34618|483032|JUL2019|2019-07
07/04/2019|7966254|1840466|3607515|4409|0|54447|4347467|23032|596669|0|0|21411|2.8343617E12|43418|394995|155016747196.00|3672790300.00|0.00|0.00|214414030866.00|6147949|3207465224497.00|43418|394995|JUL2019|2019-07
07/05/2019|7970679|1917188|3681568|4504|0|55686|4427827|22432|621554|0|0|22322|2.9124559E12|58766|359737|139384697000.00|3578241960.00|0.00|0.00|223320104321.00|6325254|3278738971742.00|58766|359737|JUL2019|2019-07
07/06/2019|7973188|1535711|3460879|2509|0|31701|3838054|18915|493236|0|0|0|1.9586954E12|5450|227280|70316730551.00|2951494600.00|0.00|0.00|0.00|5542951|2031963590719.00|5450|227280|JUL2019|2019-07
07/07/2019|7973972|1236996|3462666|784|0|20721|3280800|16321|345250|0|0|0|1.160027E12|9961|181773|45877442642.00|2265032000.00|0.00|0.00|0.00|5082738|1208169438128.00|9961|181773|JUL2019|2019-07
07/08/2019|7976633|1865153|4119246|2923|0|65832|4375136|22504|622939|0|0|27973|3.0338243E12|27856|340726|158298974179.00|3488488800.00|0.00|0.00|277686633263.00|6726570|3473298348664.00|27856|340726|JUL2019|2019-07
07/09/2019|7982795|1835320|3673109|6252|0|60372|4387996|21933|585077|0|0|20050|2.8817547E12|35060|373184|163908681923.00|3516269000.00|0.00|0.00|215380488941.00|6202113|3264560144348.00|35060|373184|JUL2019|2019-07
07/10/2019|7986916|1814297|3748538|4208|0|68305|4380068|21067|585458|0|0|18667|2.8195399E12|16535|357472|157120237455.00|3172646080.00|0.00|0.00|201559737589.00|6260540|3181392483185.00|16535|357472|JUL2019|2019-07
07/11/2019|7991508|1709295|3633596|4673|0|47526|4230656|20479|557726|0|0|17439|2.6909037E12|27281|543835|160465214370.00|3085740400.00|0.00|0.00|193915831433.00|5990734|3048370437233.00|27281|543835|JUL2019|2019-07
07/12/2019|7995829|1735885|3674823|4384|0|43396|4267925|20139|570942|0|0|17543|2.7543222E12|67548|347350|171710834647.00|3129470300.00|0.00|0.00|197828306501.00|6067112|3126990842486.00|67548|347350|JUL2019|2019-07
07/13/2019|7998205|1452629|3488506|2376|0|20687|3809557|17497|485907|0|0|0|1.9252623E12|8188|117441|53071748610.00|2600766500.00|0.00|0.00|0.00|5467602|1980934841725.00|8188|117441|JUL2019|2019-07
07/14/2019|7999050|1180193|3363469|845|0|15589|3199220|15641|334013|0|0|0|1.1256165E12|12375|128223|38689206922.00|2131768100.00|0.00|0.00|0.00|4909750|1166437474822.00|12375|128223|JUL2019|2019-07
07/15/2019|8001768|1828920|4020935|2939|0|63385|4357604|21678|625176|0|0|24843|3.1338252E12|92655|717574|215023065226.00|3331535600.00|0.00|0.00|269090607208.00|6587876|3621270423867.00|92655|717574|JUL2019|2019-07
07/16/2019|8007330|1670426|3314575|6531|0|43008|4063041|19328|548902|0|0|18270|2.7552449E12|51462|446480|201894787367.00|2941911500.00|0.00|0.00|214591195836.00|5621040|3174672770525.00|51462|446480|JUL2019|2019-07
07/17/2019|8011699|1706357|3591026|4416|0|47067|4245579|20879|569419|0|0|16709|2.7716881E12|49600|348013|197881056887.00|3139374760.00|0.00|0.00|197482049560.00|5955873|3170190547310.00|49600|348013|JUL2019|2019-07
07/18/2019|7979072|1650610|3523909|4275|0|46619|4139923|18834|553475|0|0|15828|2.6782378E12|29812|347708|225966596932.00|2881755600.00|0.00|0.00|187058773685.00|5813550|3094144937852.00|29812|347708|JUL2019|2019-07
07/19/2019|7983160|1708389|3602507|4124|0|57994|4188713|19673|562664|0|0|16554|2.7300598E12|35368|408834|255534886693.00|3042450300.00|0.00|0.00|195817412884.00|5971905|3184454519898.00|35368|408834|JUL2019|2019-07
07/20/2019|7985645|1517611|3467258|2485|0|46518|3860349|17980|488757|0|0|0|1.9350824E12|750|117720|93144267920.00|2622584700.00|0.00|0.00|0.00|5540609|2030849285442.00|750|117720|JUL2019|2019-07
07/21/2019|7986453|1157933|3311142|808|0|24685|3161763|15342|325437|0|0|0|1.1139447E12|12000|101757|54470296551.00|2157182800.00|0.00|0.00|0.00|4835347|1170572171982.00|12000|101757|JUL2019|2019-07
07/22/2019|7989103|1747505|3976541|2946|0|43978|4233838|21351|589264|0|0|23247|2.9636102E12|8237|346888|289692859074.00|3260865300.00|0.00|0.00|255579943452.00|6404832|3512143905206.00|8237|346888|JUL2019|2019-07
07/23/2019|7995757|1693426|3598612|6779|0|33683|4161439|19206|540857|0|0|16967|2.7508371E12|30945|306168|324725312440.00|2937433320.00|0.00|0.00|200484946459.00|5909530|3278984753887.00|30945|306168|JUL2019|2019-07
07/24/2019|8000180|1711946|3570268|4561|0|32327|4179209|19896|541087|0|0|16477|2.6890692E12|22633|377234|324046335474.00|2982259800.00|0.00|0.00|193726423124.00|5896562|3209824180283.00|22633|377234|JUL2019|2019-07
07/25/2019|8004480|1965392|3775598|4462|0|47645|4553274|21851|620022|0|0|26458|2.9538119E12|61404|353726|219394335220.00|3407456600.00|0.00|0.00|250380873270.00|6461428|3426994536566.00|61404|353726|JUL2019|2019-07
07/26/2019|8009115|1957304|3861533|4809|0|44531|4634890|22402|626382|0|0|27485|3.0108004E12|40670|385978|160996885845.00|3466037300.00|0.00|0.00|265171519840.00|6544446|3440434851961.00|40670|385978|JUL2019|2019-07
07/27/2019|8011950|1526656|3614107|2835|0|20439|4001872|19239|513433|0|0|0|2.0429469E12|11334|107019|66337430900.00|2764472100.00|0.00|0.00|0.00|5696709|2112048781871.00|11334|107019|JUL2019|2019-07
07/28/2019|8012826|1218306|3490210|876|0|14331|3354024|16660|352983|0|0|0|1.2189787E12|12450|148529|45673226636.00|2426215500.00|0.00|0.00|0.00|5093366|1267078156231.00|12450|148529|JUL2019|2019-07
07/29/2019|8015555|1981676|4152138|3172|0|41829|4640997|22507|654986|0|0|35346|3.2902866E12|30488|450581|180496006499.00|3483428200.00|0.00|0.00|338474326228.00|6891654|3812740357614.00|30488|450581|JUL2019|2019-07
07/30/2019|8022383|2019315|3835499|7324|0|40114|4688048|20883|642226|0|0|26780|3.2147119E12|28335|424189|169506354645.00|3196235300.00|0.00|0.00|262679554612.00|6592141|3650094079076.00|28335|424189|JUL2019|2019-07
07/31/2019|8027328|2206500|4059617|5226|0|46182|5062178|24294|775365|0|0|30328|3.6775851E12|22700|421178|186944498976.00|3609483340.00|0.00|0.00|263294658814.00|7147512|4131433762910.00|22700|421178|JUL2019|2019-07
08/01/2019|8032441|2107850|4003239|5179|0|59299|4950194|27052|784988|0|0|33024|3.5436831E12|28145|571797|180270691343.00|4883263400.00|0.00|0.00|272230696158.00|7020631|4001067788095.00|28145|571797|AUG2019|2019-08
08/02/2019|8037136|1887283|3890696|4992|0|48771|4617658|23967|679890|0|0|28838|3.1085828E12|12093|696018|152833477328.00|3994377600.00|0.00|0.00|251932732018.00|6564437|3517343360851.00|12093|696018|AUG2019|2019-08
08/03/2019|8040057|1506925|3673440|2921|0|28056|3987649|19596|531079|0|0|0|2.0577255E12|8975|170156|75919208893.00|2878545300.00|0.00|0.00|0.00|5762017|2136523290135.00|8975|170156|AUG2019|2019-08
08/04/2019|8040633|1038823|3229930|576|0|14783|3039991|12637|292802|0|0|0|987826853686|23400|76148|33319555057.00|2050184000.00|0.00|0.00|0.00|4589551|1023196592743.00|23400|76148|AUG2019|2019-08
08/05/2019|8043396|1862164|4083292|2891|0|69292|4520619|29620|660095|0|0|32279|3.1098673E12|35674|651621|171421620567.00|4266790305.00|0.00|0.00|292164678491.00|6739633|3577720413892.00|35674|651621|AUG2019|2019-08
08/06/2019|8049336|1829520|3910704|6479|0|69799|4596382|22155|629369|0|0|24694|3.0197537E12|23208|532810|169774857999.00|3451196140.00|0.00|0.00|245428010480.00|6492720|3438407787132.00|23208|532810|AUG2019|2019-08
08/07/2019|8054195|1767174|3776162|5025|0|58770|4436719|20221|603270|0|0|21399|2.8772667E12|19538|392076|142601644926.00|3131015860.00|0.00|0.00|217331479670.00|6252021|3240330873914.00|19538|392076|AUG2019|2019-08
08/08/2019|8058925|1715875|3586773|4849|0|48942|4349353|16025|504208|0|0|19505|2.4780934E12|14750|298436|151740618898.00|2519740100.00|0.00|0.00|201868187978.00|5896177|2834221946446.00|14750|298436|AUG2019|2019-08
08/09/2019|8063743|1690167|3655363|4975|0|62604|4304515|19928|634464|0|0|19360|2.9774539E12|18815|278071|199456807147.00|3113658760.00|0.00|0.00|208612766884.00|6086861|3388637139528.00|18815|278071|AUG2019|2019-08
08/10/2019|8066668|1466858|3577039|2925|0|33342|3936642|18092|515748|0|0|0|2.0157356E12|3050|109872|74969691949.00|2598364100.00|0.00|0.00|0.00|5614004|2093303620352.00|3050|109872|AUG2019|2019-08
08/11/2019|8067299|1071326|3375777|631|0|17771|3115821|14732|309294|0|0|0|1.0016806E12|10100|33894|37727403843.00|1949742800.00|0.00|0.00|0.00|4789531|1041357757027.00|10100|33894|AUG2019|2019-08
08/12/2019|8070042|1737776|4004383|2925|0|53503|4342391|21127|596985|0|0|23747|2.8693588E12|33248|289663|184130247561.00|3445411740.00|0.00|0.00|250783142962.00|6440446|3307717585721.00|33248|289663|AUG2019|2019-08
08/13/2019|8076103|1686171|3667068|6467|0|46231|4304288|19368|555330|0|0|17486|2.7093598E12|41099|518813|183829292188.00|2920275300.00|0.00|0.00|196139673834.00|5998121|3092249010682.00|41099|518813|AUG2019|2019-08
08/14/2019|8080927|1668837|3660871|4963|0|47668|4234207|19620|559701|0|0|16119|2.6967911E12|14412|420832|176774109902.00|3077970200.00|0.00|0.00|180616660901.00|5977779|3057259865150.00|14412|420832|AUG2019|2019-08
08/15/2019|8083985|1682768|3593534|4415|0|53573|4208126|19303|572611|0|0|16577|2.6803017E12|15670|383907|176336896653.00|2882697400.00|0.00|0.00|181850319372.00|5942781|3041371624826.00|15670|383907|AUG2019|2019-08
08/16/2019|8088389|1659391|3652892|4541|0|39899|4185969|19397|575083|0|0|16465|2.6593337E12|12480|297708|195665378222.00|3069285600.00|0.00|0.00|189476882977.00|5967668|3047545236227.00|12480|297708|AUG2019|2019-08
08/17/2019|8090996|1240358|3323409|2607|0|15614|3410648|15714|366100|0|0|0|1.2420407E12|12750|72064|46625256389.00|2204629600.00|0.00|0.00|0.00|4963802|1290870550430.00|12750|72064|AUG2019|2019-08
08/18/2019|8091762|1121765|3370430|766|0|16360|3142268|14762|314506|0|0|0|1.030024E12|100|78132|48394758489.00|1989036300.00|0.00|0.00|0.00|4838589|1080407756222.00|100|78132|AUG2019|2019-08
08/19/2019|8057527|1726142|4012475|2826|0|68179|4247418|20635|593324|0|0|20601|2.9183747E12|7162|238230|291974743386.00|3283911000.00|0.00|0.00|227604058368.00|6444182|3441237436433.00|7162|238230|AUG2019|2019-08
08/20/2019|8064224|1737501|3742878|7138|0|78888|4325373|18839|582014|0|0|17383|2.8499638E12|41194|317214|329694667031.00|2846763600.00|0.00|0.00|200989821105.00|6184641|3383495016743.00|41194|317214|AUG2019|2019-08
08/21/2019|8068639|1664569|3731786|4556|0|46954|4233465|19269|544869|0|0|15718|2.6629518E12|26540|270329|181938084763.00|2953762080.00|0.00|0.00|179823600316.00|6027721|3027667275934.00|26540|270329|AUG2019|2019-08
08/22/2019|8073137|1626974|3634439|4646|0|32871|4147812|18802|536132|0|0|15625|2.5896035E12|46336|230414|120312678963.00|2819445100.00|0.00|0.00|180845743956.00|5869489|2893581326709.00|46336|230414|AUG2019|2019-08
08/23/2019|8077673|1827172|3774887|4718|0|40277|4415104|20072|587811|0|0|22765|2.793794E12|31887|256113|140197272250.00|3136391140.00|0.00|0.00|230246709097.00|6277702|3167374360697.00|31887|256113|AUG2019|2019-08
08/24/2019|8080603|1443198|3639296|2930|0|19622|3917179|18292|484083|0|0|0|1.9293563E12|11274|168493|70253334477.00|2596879700.00|0.00|0.00|0.00|5607421|2002206524284.00|11274|168493|AUG2019|2019-08
08/25/2019|8081410|1178336|3500687|807|0|14993|3309674|16062|346977|0|0|0|1.1919425E12|1932|104478|48404183402.00|2235893600.00|0.00|0.00|0.00|5057862|1242582578112.00|1932|104478|AUG2019|2019-08
08/26/2019|8084098|1866969|4178320|2851|0|46745|4528180|21903|640475|0|0|32612|3.1819876E12|27515|424510|189855073101.00|3418585900.00|0.00|0.00|318208134167.00|6789875|3693469409462.00|27515|424510|AUG2019|2019-08
08/27/2019|8090783|1845231|3793545|7263|0|40053|4503703|20752|602286|0|0|23875|3.0013371E12|30026|283508|177869002331.00|3431865200.00|0.00|0.00|244738688877.00|6333005|3427376648007.00|30026|283508|AUG2019|2019-08
08/28/2019|8095136|1930858|3880854|4733|0|39598|4655838|21021|617958|0|0|23968|2.9743641E12|42244|354459|170096802491.00|3233641000.00|0.00|0.00|232928613006.00|6518990|3380623195307.00|42244|354459|AUG2019|2019-08
08/29/2019|8099695|1830020|3759217|4738|0|34100|4521908|20438|600939|0|0|23501|2.8882046E12|30103|371828|150329908697.00|3027201600.00|0.00|0.00|237109013593.00|6272953|3278670706482.00|30103|371828|AUG2019|2019-08
08/30/2019|8104429|2082143|4023241|4777|0|37914|4951864|20589|679803|0|0|28244|3.2234931E12|62189|313061|161722892789.00|3257538580.00|0.00|0.00|256741677906.00|6876711|3645215199584.00|62189|313061|AUG2019|2019-08
08/31/2019|8107451|1572150|4125214|3022|0|23431|4223455|19739|608394|0|0|0|2.4386638E12|5987|146624|73963696526.00|2999458880.00|0.00|0.00|0.00|6351950|2515627004692.00|5987|146624|AUG2019|2019-08
09/01/2019|8108306|1313309|3782257|855|0|21978|3572719|17054|446411|0|0|0|1.5181674E12|27510|103371|54457312489.00|2769723790.00|0.00|0.00|0.00|5581864|1575394437820.00|27510|103371|SEP2019|2019-09
09/02/2019|8110978|2021761|4364104|3279|0|65935|4841705|24845|778892|0|0|45977|3.6234013E12|38089|342158|216316824765.00|4972501090.00|0.00|0.00|366727567714.00|7304793|4211418216457.00|38089|342158|SEP2019|2019-09
09/03/2019|8118462|1876912|3908383|8025|0|61322|4641484|21662|657286|0|0|28579|3.1134383E12|23814|387616|191370457911.00|3729398900.00|0.00|0.00|253065851525.00|6562169|3561604015701.00|23814|387616|SEP2019|2019-09
09/04/2019|8123677|1771547|3865122|5288|0|59771|4515756|21232|617861|0|0|23259|2.8938103E12|49058|416656|158488417359.00|3486081800.00|0.00|0.00|218606600440.00|6364080|3274391425884.00|49058|416656|SEP2019|2019-09
09/05/2019|8128776|1773353|3835079|5144|0|60349|4483226|20506|619580|0|0|21867|2.8786596E12|34031|412810|207133964665.00|3253804900.00|0.00|0.00|211391325159.00|6335878|3300438744723.00|34031|412810|SEP2019|2019-09
09/06/2019|8133971|1767382|3840862|5235|0|52012|4472936|20011|615070|0|0|21265|2.8607333E12|46525|301800|182629314643.00|3244720200.00|0.00|0.00|213821921594.00|6321837|3260429266017.00|46525|301800|SEP2019|2019-09
09/07/2019|8137234|1408652|3610732|3263|0|25812|3918997|16709|501269|0|0|0|1.9372466E12|4445|118582|66417039577.00|2580803240.00|0.00|0.00|0.00|5566437|2006244476902.00|4445|118582|SEP2019|2019-09
09/08/2019|8137993|1153659|3539214|759|0|18635|3327757|14188|353271|0|0|0|1.1262573E12|19590|98871|43430727835.00|2002686900.00|0.00|0.00|0.00|5079726|1171690666278.00|19590|98871|SEP2019|2019-09
09/09/2019|8140741|1809928|4215310|2983|0|69457|4578734|20379|640505|0|0|27755|3.0758076E12|42987|465528|231175309972.00|3116181000.00|0.00|0.00|267540027336.00|6786317|3577639139754.00|42987|465528|SEP2019|2019-09
09/10/2019|8148715|1776954|3865927|8280|0|74305|4536472|18648|614145|0|0|20836|2.9584335E12|19387|413394|242786669413.00|3047337500.00|0.00|0.00|218873778103.00|6379095|3423141301497.00|19387|413394|SEP2019|2019-09
09/11/2019|8153816|1691476|3826936|5101|0|48716|4394144|18377|579401|0|0|17701|2.7564145E12|24026|305918|188544833017.00|2869472110.00|0.00|0.00|190515505362.00|6187708|3138344300126.00|24026|305918|SEP2019|2019-09
09/12/2019|8158790|1623363|3719746|5249|0|41842|4235344|17518|554381|0|0|16494|2.6509859E12|34937|438739|201966633371.00|2612779600.00|0.00|0.00|186279927164.00|5978593|3041845258896.00|34937|438739|SEP2019|2019-09
09/13/2019|8163983|1677725|3844764|5317|0|43061|4341111|18315|570195|0|0|17542|2.7200371E12|45475|609783|189499242651.00|2762978700.00|0.00|0.00|206330922498.00|6176919|3118630273468.00|45475|609783|SEP2019|2019-09
09/14/2019|8167400|1382069|3702309|3417|0|22195|3923843|15840|481810|0|0|0|1.8795947E12|6676|160314|62450484692.00|2363723560.00|0.00|0.00|0.00|5607640|1944408926389.00|6676|160314|SEP2019|2019-09
09/15/2019|8168106|1073291|3256754|706|0|18834|3072167|14129|347454|0|0|0|1.1436639E12|8324|146551|47871214878.00|2022804400.00|0.00|0.00|0.00|4711168|1193557918130.00|8324|146551|SEP2019|2019-09
09/16/2019|8170962|1740455|4199165|2856|0|54424|4410915|19424|621908|0|0|21984|3.0175346E12|51870|380288|244382899159.00|3048754950.00|0.00|0.00|229273055563.00|6660216|3494239340395.00|51870|380288|SEP2019|2019-09
09/17/2019|8178242|1689246|3802029|8749|0|42334|4361383|17969|565999|0|0|17533|2.8041936E12|29221|361213|244697568985.00|2701414170.00|0.00|0.00|201354371269.00|6143859|3252946912576.00|29221|361213|SEP2019|2019-09
09/18/2019|8183382|1652824|3849560|5288|0|44618|4341777|17341|555328|0|0|15890|2.7002296E12|31142|322514|271743943822.00|2688136000.00|0.00|0.00|185008685343.00|6140849|3159670358848.00|31142|322514|SEP2019|2019-09
09/19/2019|8188240|1636621|3753080|4996|0|50709|4269947|17725|542949|0|0|15290|2.6378674E12|29446|319002|180685958214.00|2918311700.00|0.00|0.00|174035724723.00|6021370|2995507406156.00|29446|319002|SEP2019|2019-09
09/20/2019|8193138|1720989|3781223|5079|0|67293|4349277|17607|568180|0|0|16509|2.7381776E12|25142|310890|171675816492.00|2973840120.00|0.00|0.00|189750229868.00|6176880|3102577465568.00|25142|310890|SEP2019|2019-09
09/21/2019|8196724|1402024|3633894|3586|0|26232|3793375|15515|468469|0|0|0|1.8597377E12|5440|111734|60073988444.00|2404768200.00|0.00|0.00|0.00|5549720|1922216462431.00|5440|111734|SEP2019|2019-09
09/22/2019|8197419|1146004|3555503|695|0|14158|3228237|13950|320066|0|0|0|1.0799586E12|12150|75474|34813535616.00|2031477300.00|0.00|0.00|0.00|5050376|1116803607040.00|12150|75474|SEP2019|2019-09
09/23/2019|8161244|1705055|4136920|2699|0|35055|4285654|19227|586611|0|0|21984|2.9152465E12|9414|298570|136864253311.00|3125121370.00|0.00|0.00|246745047803.00|6507551|3301980886471.00|9414|298570|SEP2019|2019-09
09/24/2019|8168849|1692965|3728469|8198|0|31904|4221231|18398|545657|0|0|17445|2.7733469E12|18354|300314|135480650081.00|3002496900.00|0.00|0.00|206062000439.00|6043036|3117892002519.00|18354|300314|SEP2019|2019-09
09/25/2019|8173963|1921154|3902483|5337|0|47629|4554255|20638|632225|0|0|26722|3.0278471E12|16584|459249|170322338341.00|3365023000.00|0.00|0.00|252164276960.00|6556188|3453698777919.00|16584|459249|SEP2019|2019-09
09/26/2019|8178685|1775420|3780041|4973|0|39213|4317412|20649|591904|0|0|23587|2.8643854E12|21015|500667|165263632868.00|3227610400.00|0.00|0.00|239333546942.00|6235787|3272210163615.00|21015|500667|SEP2019|2019-09
09/27/2019|8183877|2044398|3957009|5417|0|41307|4659606|21328|648796|0|0|28676|3.0610881E12|26325|528981|166878194089.00|3467626170.00|0.00|0.00|274145569221.00|6746931|3505579493670.00|26325|528981|SEP2019|2019-09
09/28/2019|8187512|1606053|3698443|3635|0|21995|4043772|18305|549062|0|0|0|2.1634116E12|8138|123841|78181837808.00|2797006060.00|0.00|0.00|0.00|5897493|2244390397673.00|8138|123841|SEP2019|2019-09
09/29/2019|8188352|1237113|3530856|840|0|14647|3347645|16214|385424|0|0|0|1.3064314E12|3706|119405|50504487803.00|2468724100.00|0.00|0.00|0.00|5185094|1359404604082.00|3706|119405|SEP2019|2019-09
09/30/2019|8190562|2208432|4372611|2991|0|49745|4960112|23280|817748|0|0|44726|3.9508648E12|16353|507148|212647602797.00|3798342350.00|0.00|0.00|386522275796.00|7519533|4553832994262.00|16353|507148|SEP2019|2019-09
10/01/2019|8199126|2127622|4046574|9211|0|57156|4950449|26265|813422|0|0|37947|3.7400047E12|23640|576563|190278481957.00|5012729920.00|0.00|0.00|304693394718.00|7118197|4239989282084.00|23640|576563|OCT2019|2019-10
10/02/2019|8204701|1895529|3957990|5764|0|60192|4656149|23022|694580|0|0|29721|3.1883761E12|8260|434666|208316382982.00|3914250340.00|0.00|0.00|258478264611.00|6666798|3659085013820.00|8260|434666|OCT2019|2019-10
10/03/2019|8210096|1830093|3797107|5637|0|56232|4443136|20475|647217|0|0|25543|2.975507E12|21515|400622|185219820494.00|3441866770.00|0.00|0.00|236431129894.00|6382304|3400599775864.00|21515|400622|OCT2019|2019-10
10/04/2019|8215409|1805131|3831191|5554|0|53786|4419408|19584|639250|0|0|24384|2.9624648E12|31316|303186|196189308823.00|3263312160.00|0.00|0.00|233596391198.00|6378880|3395513788916.00|31316|303186|OCT2019|2019-10
10/05/2019|8218561|1467736|3627719|3152|0|28917|3865529|17117|529330|0|0|0|2.0537199E12|2360|112258|67128013375.00|2706370420.00|0.00|0.00|0.00|5673971|2123554265206.00|2360|112258|OCT2019|2019-10
10/06/2019|8219348|1090070|3125474|787|0|19889|2973093|14078|353303|0|0|0|1.1619642E12|7834|85493|44573830364.00|2089513070.00|0.00|0.00|0.00|4603601|1208627587949.00|7834|85493|OCT2019|2019-10
10/07/2019|8222120|1805561|4159091|3025|0|68553|4456006|19947|660775|0|0|31328|3.1760407E12|19085|274685|209139156626.00|3351866500.00|0.00|0.00|293723321037.00|6748280|3682255017524.00|19085|274685|OCT2019|2019-10
10/08/2019|8230844|1716968|3745955|9295|0|56938|4312503|18106|601704|0|0|21641|2.9117766E12|41589|277812|206439080362.00|3108731730.00|0.00|0.00|220118349607.00|6170607|3341442771718.00|41589|277812|OCT2019|2019-10
10/09/2019|8235956|1691796|3758802|5374|0|55583|4300732|18434|581607|0|0|18971|2.7839676E12|47015|366314|203332408397.00|3003834780.00|0.00|0.00|202896608093.00|6130567|3193200434547.00|47015|366314|OCT2019|2019-10
10/10/2019|8240942|1721600|3886963|5168|0|61723|4468097|17691|601422|0|0|18672|2.835046E12|29119|270524|195526669657.00|2995036700.00|0.00|0.00|195707578586.00|6313239|3229275324277.00|29119|270524|OCT2019|2019-10
10/11/2019|8246043|1672590|3845572|5307|0|42216|4339766|17773|594085|0|0|18123|2.7967499E12|26389|285046|147338531249.00|3010299690.00|0.00|0.00|205087664677.00|6195666|3152186444765.00|26389|285046|OCT2019|2019-10
10/12/2019|8249755|1348399|3608651|3712|0|19990|3822402|15310|479152|0|0|0|1.8560687E12|3157|113877|48013480300.00|2438572300.00|0.00|0.00|0.00|5475214|1906520758966.00|3157|113877|OCT2019|2019-10
10/13/2019|8250476|1106709|3557078|721|0|13486|3298886|13005|331767|0|0|0|1.0834817E12|5712|74680|34140327696.00|1932333900.00|0.00|0.00|0.00|5022766|1119554321045.00|5712|74680|OCT2019|2019-10
10/14/2019|8252935|1643901|3883658|2705|0|50920|4233835|17052|598618|0|0|23114|2.9181837E12|15383|289802|194282150691.00|2905716900.00|0.00|0.00|247039069336.00|6219968|3362410668588.00|15383|289802|OCT2019|2019-10
10/15/2019|8258900|1712480|3841377|9107|0|56784|4370059|18218|600094|0|0|19112|2.8929003E12|27492|334536|320095745890.00|2872052870.00|0.00|0.00|213861076237.00|6257172|3429729171059.00|27492|334536|OCT2019|2019-10
10/16/2019|8264553|1631434|3699515|5863|0|40211|4212220|14570|568391|0|0|16956|2.6893043E12|24784|392433|424360704587.00|2557746000.00|0.00|0.00|187895943969.00|5976940|3304118651946.00|24784|392433|OCT2019|2019-10
10/17/2019|8269809|1569470|3680276|5456|0|41499|4146688|17982|546519|0|0|15497|2.5971361E12|26024|312756|318077663008.00|2918415860.00|0.00|0.00|177437713063.00|5876699|3095569862005.00|26024|312756|OCT2019|2019-10
10/18/2019|8274816|1623199|3791938|5179|0|49434|4224110|17761|567020|0|0|16528|2.6936958E12|16770|301008|279102866074.00|3091888100.00|0.00|0.00|189397612596.00|6071059|3165288134677.00|16770|301008|OCT2019|2019-10
10/19/2019|8278488|1385202|3670792|3672|0|33891|3820955|15777|483598|0|0|0|1.8656142E12|500|119679|84219970485.00|2512328800.00|0.00|0.00|0.00|5592932|1952346517161.00|500|119679|OCT2019|2019-10
10/20/2019|8279161|1133205|3571802|673|0|31720|3335987|13840|343090|0|0|0|1.1114485E12|5709|88409|68936372282.00|2021720800.00|0.00|0.00|0.00|5094330|1182406632464.00|5709|88409|OCT2019|2019-10
10/21/2019|8243650|1665419|4126389|2715|0|51580|4303780|19184|596209|0|0|22799|2.9071512E12|30948|444892|292194079250.00|3271232100.00|0.00|0.00|247221746558.00|6484295|3449838211582.00|30948|444892|OCT2019|2019-10
10/22/2019|8252802|1638040|3775801|9910|0|36859|4238576|17959|548323|0|0|16671|2.7258341E12|24460|457168|303919583670.00|3050304540.00|0.00|0.00|200292973831.00|6043563|3233096997860.00|24460|457168|OCT2019|2019-10
10/23/2019|8257995|1591078|3694988|5436|0|27087|4144739|17525|539822|0|0|15283|2.6062424E12|22451|437673|282913608017.00|2955308550.00|0.00|0.00|184671198040.00|5891219|3076782526064.00|22451|437673|OCT2019|2019-10
10/24/2019|8262981|1634383|3669223|5199|0|28869|4117759|18059|545749|0|0|16438|2.6299673E12|4233|447997|158163185741.00|3202134430.00|0.00|0.00|191405742664.00|5917920|2982738369906.00|4233|447997|OCT2019|2019-10
10/25/2019|8268471|1948634|3896426|5698|0|46033|4601065|21010|647922|0|0|28896|2.9929879E12|9837|445592|164841168501.00|3526939300.00|0.00|0.00|269655381131.00|6594619|3431011376184.00|9837|445592|OCT2019|2019-10
10/26/2019|8272410|1493945|3664635|3939|0|20389|3909363|18319|510365|0|0|0|1.9380229E12|5670|170568|69726968365.00|2844640500.00|0.00|0.00|0.00|5711592|2010594493751.00|5670|170568|OCT2019|2019-10
10/27/2019|8273143|1188992|3563410|733|0|13486|3265281|14999|352080|0|0|0|1.1469708E12|9268|134264|46192543418.00|2259333800.00|0.00|0.00|0.00|5133700|1195422652571.00|9268|134264|OCT2019|2019-10
10/28/2019|8275823|1934061|4215513|2906|0|43751|4505169|21166|663427|0|0|36306|3.1681012E12|40366|418678|183906342522.00|3483811200.00|0.00|0.00|340205912383.00|6917130|3695697291276.00|40366|418678|OCT2019|2019-10
10/29/2019|8284709|1831348|3908619|9542|0|34658|4495843|18925|607570|0|0|24077|2.9772432E12|27880|381855|160070096446.00|3136420100.00|0.00|0.00|246893972586.00|6434739|3387343655849.00|27880|381855|OCT2019|2019-10
10/30/2019|8289858|1871246|3915937|5592|0|32623|4589226|16344|627828|0|0|24140|3.0409421E12|21045|353726|148533828159.00|2997543170.00|0.00|0.00|246166951033.00|6493710|3438640438583.00|21045|353726|OCT2019|2019-10
10/31/2019|8297383|2072702|4074671|8049|0|40252|4890483|21509|772893|0|0|29628|3.5892886E12|47633|525084|158675436577.00|3520400830.00|0.00|0.00|268544061810.00|7019704|4020028548988.00|47633|525084|OCT2019|2019-10
11/01/2019|8306231|1986673|4107701|9079|0|51541|4862790|17655|790199|0|0|34428|3.5095598E12|11517|447120|180076517806.00|4311392900.00|0.00|0.00|279242730737.00|6997276|3973190394928.00|11517|447120|NOV2019|2019-11
11/02/2019|8309861|1499631|3786026|3630|0|27402|4070875|11653|564127|0|0|0|2.1515024E12|3762|154172|74354402077.00|2402374400.00|0.00|0.00|0.00|5892469|2228259189683.00|3762|154172|NOV2019|2019-11
11/03/2019|8312668|1232810|3689003|2807|0|21913|3426223|8630|393405|0|0|0|1.2734991E12|7650|115676|57439413730.00|1748748400.00|0.00|0.00|0.00|5348568|1332687235474.00|7650|115676|NOV2019|2019-11
11/04/2019|8317973|1885561|4387092|5542|0|75061|4616827|15344|695020|0|0|39273|3.2505124E12|21845|506301|222707064220.00|3360192200.00|0.00|0.00|337801965158.00|7102893|3814381616900.00|21845|506301|NOV2019|2019-11
11/05/2019|8323725|1841914|3971271|6489|0|67001|4611993|21906|651952|0|0|25875|3.0833393E12|28073|637358|193445641942.00|3829523350.00|0.00|0.00|247063832146.00|6586408|3527678257021.00|28073|637358|NOV2019|2019-11
11/06/2019|8329227|1760923|4008274|5818|0|46533|4525983|19940|616885|0|0|22060|2.900763E12|49316|474363|151661651847.00|3205333200.00|0.00|0.00|221127478076.00|6480433|3276757499680.00|49316|474363|NOV2019|2019-11
11/07/2019|8334928|1730206|3918546|5970|0|56652|4394344|17918|612765|0|0|19876|2.8491315E12|23957|407973|159257792118.00|3069794000.00|0.00|0.00|200575062018.00|6361933|3212034145630.00|23957|407973|NOV2019|2019-11
11/08/2019|8340263|1760109|3919766|5638|0|57131|4394410|18360|628544|0|0|19775|2.8741126E12|17930|277708|167401013508.00|3069390000.00|0.00|0.00|201119726362.00|6409323|3245702774459.00|17930|277708|NOV2019|2019-11
11/09/2019|8343912|1293647|3509127|3649|0|19440|3582510|14296|411123|0|0|0|1.4533119E12|11200|162944|46103547418.00|2176688000.00|0.00|0.00|0.00|5251282|1501592166274.00|11200|162944|NOV2019|2019-11
11/10/2019|8346912|1163173|3625616|3000|0|21167|3363539|13523|359641|0|0|0|1.1414386E12|300|102624|45784531450.00|1999328300.00|0.00|0.00|0.00|5186120|1189222424757.00|300|102624|NOV2019|2019-11
11/11/2019|8352227|1827936|4271834|5582|0|59333|4569691|18959|662365|0|0|25107|3.1143479E12|25299|483814|192521433795.00|3165955320.00|0.00|0.00|261173844704.00|6871116|3571209158736.00|25299|483814|NOV2019|2019-11
11/12/2019|8358158|1729381|3808576|6562|0|44911|4294285|17392|589289|0|0|18149|2.8460633E12|15482|324551|161283403562.00|3053141520.00|0.00|0.00|200552446390.00|6214260|3210952337673.00|15482|324551|NOV2019|2019-11
11/13/2019|8363751|1655316|3844676|5824|0|39321|4229636|17408|565546|0|0|16131|2.6732076E12|17341|383328|131014323161.00|3055794600.00|0.00|0.00|186327539166.00|6144222|2993605256793.00|17341|383328|NOV2019|2019-11
11/14/2019|8369302|1649652|3815050|5769|0|42205|4217772|16721|559410|0|0|15886|2.6460149E12|22792|298032|140315813889.00|2761373300.00|0.00|0.00|180134196945.00|6104693|2969226267378.00|22792|298032|NOV2019|2019-11
11/15/2019|8373886|1740748|3889683|5801|0|51855|4332094|17175|600088|0|0|17719|2.8004574E12|25565|288796|156723774392.00|2845354500.00|0.00|0.00|202978226433.00|6323069|3163004765078.00|25565|288796|NOV2019|2019-11
11/16/2019|8377511|1448705|3782942|3625|0|19485|3868396|14729|487294|0|0|0|1.8623824E12|800|153499|53570717220.00|2441562020.00|0.00|0.00|0.00|5756780|1918394631454.00|800|153499|NOV2019|2019-11
11/17/2019|8380190|1135222|3410143|2679|0|13276|3128189|13296|332700|0|0|0|1.0533977E12|7007|113708|36435239293.00|1993885200.00|0.00|0.00|0.00|4907316|1091826791017.00|7007|113708|NOV2019|2019-11
11/18/2019|8343507|1726305|4047999|5748|0|50697|4343551|18154|605358|0|0|22810|2.9229305E12|23960|325929|220630063711.00|3365841300.00|0.00|0.00|248169672721.00|6477071|3395096106905.00|23960|325929|NOV2019|2019-11
11/19/2019|8348952|1707922|2314161|6181|0|57386|4112400|17247|558668|0|0|16618|2.7527974E12|15246|319592|227579645112.00|2973778100.00|0.00|0.00|195027724105.00|4678183|3178378514199.00|15246|319592|NOV2019|2019-11
11/20/2019|8354158|1882559|3781662|5379|0|68983|4328184|17554|572162|0|0|16497|2.6895229E12|26518|355886|243615509526.00|3012150040.00|0.00|0.00|188836545581.00|6344796|3124987120179.00|26518|355886|NOV2019|2019-11
11/21/2019|8359770|1833675|3736645|5828|0|43760|4209915|16986|540269|0|0|15923|2.5633963E12|15391|366907|138473031969.00|2789195380.00|0.00|0.00|185276151091.00|6193086|2889934637466.00|15391|366907|NOV2019|2019-11
11/22/2019|8365127|1856871|3692438|5546|0|28538|4391064|17191|552591|0|0|17267|2.6373242E12|30000|278445|107028612662.00|2930508100.00|0.00|0.00|200056885147.00|6170442|2947340187097.00|30000|278445|NOV2019|2019-11
11/23/2019|8368594|1622492|3537723|3467|0|16299|4117699|15825|478648|0|0|0|1.8435659E12|12915|154775|51731425875.00|2500595000.00|0.00|0.00|0.00|5674454|1897797924432.00|12915|154775|NOV2019|2019-11
11/24/2019|8371316|1353308|3539828|2722|0|11303|3470293|13890|347659|0|0|0|1.0906092E12|6061|98572|38098793420.00|2089712200.00|0.00|0.00|0.00|5268710|1130797679326.00|6061|98572|NOV2019|2019-11
11/25/2019|8376920|2150485|4293515|5880|0|46586|4964261|20713|661038|0|0|32968|3.1796904E12|41727|376391|184265965824.00|3428901470.00|0.00|0.00|319713694193.00|7211185|3687098956849.00|41727|376391|NOV2019|2019-11
11/26/2019|8382779|2089043|3839873|6564|0|40943|4523828|18517|604800|0|0|24181|2.9467166E12|41790|417540|173070279327.00|3305915100.00|0.00|0.00|249115252594.00|6623921|3372208029525.00|41790|417540|NOV2019|2019-11
11/27/2019|8388727|2026146|3878224|6208|0|34853|4424419|18343|601707|0|0|22034|2.8777807E12|22864|368838|145025225213.00|3074370400.00|0.00|0.00|231216202446.00|6587515|3257096535512.00|22864|368838|NOV2019|2019-11
11/28/2019|8394560|2182279|3948267|6067|0|37346|4609182|19116|648294|0|0|25439|3.0489181E12|17401|334303|160985100413.00|3217965100.00|0.00|0.00|250218173880.00|6866808|3463339299611.00|17401|334303|NOV2019|2019-11
11/29/2019|8400360|2276545|3951799|6019|0|37851|4715599|19784|723328|0|0|32218|3.3966935E12|17684|503226|181867340365.00|3396979870.00|0.00|0.00|289546840326.00|7047544|3871504709000.00|17684|503226|NOV2019|2019-11
11/30/2019|8403951|1883621|4274685|3591|0|22205|4193054|18260|633688|0|0|0|2.502429E12|5962|149805|74066451825.00|2976770700.00|0.00|0.00|0.00|6836050|2579472181065.00|5962|149805|NOV2019|2019-11
12/01/2019|8406639|1358310|3129699|2688|0|21564|3119613|16667|458305|0|0|0|1.5406275E12|11900|185400|58461536375.00|2653779400.00|0.00|0.00|0.00|4987233|1601742793451.00|11900|185400|DEC2019|2019-12
12/02/2019|8410687|2232720|4373435|5599|0|69253|4821683|20747|784579|0|0|48181|3.6243438E12|74891|644486|217799858763.00|4418577600.00|0.00|0.00|386686814874.00|7534514|4233249013890.00|74891|644486|DEC2019|2019-12
12/03/2019|8417291|2129202|3895008|6890|0|63479|4753368|22233|693963|0|0|29978|3.2690614E12|56085|479857|184313913547.00|4224578600.00|0.00|0.00|261493061874.00|6840753|3719092982937.00|56085|479857|DEC2019|2019-12
12/04/2019|8423272|1964771|3925359|6220|0|59460|4476093|19975|637467|0|0|24624|2.9937689E12|27160|450651|168312061555.00|3616415250.00|0.00|0.00|231408826530.00|6637876|3397106248903.00|27160|450651|DEC2019|2019-12
12/05/2019|8428878|1938462|3847535|5828|0|57972|4412183|18974|641980|0|0|23283|2.959542E12|20337|399041|147435251555.00|3295664700.00|0.00|0.00|223446158208.00|6534034|3333719087393.00|20337|399041|DEC2019|2019-12
12/06/2019|8434445|1893231|3865883|5812|0|51052|4334525|18461|625795|0|0|22343|2.912443E12|44880|462242|138220327674.00|3219531410.00|0.00|0.00|224336123200.00|6482577|3278218991032.00|44880|462242|DEC2019|2019-12
12/07/2019|8437489|1558189|3621815|3044|0|25363|3820789|15240|512445|0|0|0|1.9566463E12|5749|134998|57753478487.00|2530243900.00|0.00|0.00|0.00|5736096|2016930010381.00|5749|134998|DEC2019|2019-12
12/08/2019|8439716|1298154|3522485|2227|0|18000|3263931|13005|371012|0|0|0|1.1580509E12|10670|136062|42847490844.00|1984623700.00|0.00|0.00|0.00|5224883|1202882966052.00|10670|136062|DEC2019|2019-12
12/09/2019|8444375|1903941|4162349|5300|0|66434|4344821|18340|647983|0|0|27932|3.1074514E12|52122|392646|182271332016.00|3201775480.00|0.00|0.00|278391875881.00|6832279|3571316356352.00|52122|392646|DEC2019|2019-12
01/01/2020|8484121|1258182|2780770|1385|0|15013|2944765|14833|327612|0|0|6851|1.0565077E12|9957|156844|44657559376.00|2226173200.00|0.00|0.00|38560755446.00|4404646|1141952207202.00|9957|156844|JAN2020|2020-01
01/02/2020|8487387|1704850|3662354|3665|0|46108|3828630|18524|497226|0|0|27155|2.1863526E12|27457|400583|149749668472.00|3062305700.00|0.00|0.00|221702663833.00|5959882|2560867286927.00|27457|400583|JAN2020|2020-01
01/03/2020|8491978|1806131|3574792|4860|0|54316|4102380|19830|566807|0|0|28251|2.5964402E12|17640|435084|156918290781.00|3892294100.00|0.00|0.00|243659254651.00|6054987|3000910067726.00|17640|435084|JAN2020|2020-01
01/04/2020|8494240|1576585|3445077|2262|0|29501|3672074|16186|493287|0|0|10387|1.8888126E12|1537|164364|73293424078.00|2548446800.00|0.00|0.00|67479800924.00|5573285|2032134233941.00|1537|164364|JAN2020|2020-01
01/05/2020|8495805|1324866|3301135|1565|0|22996|3112425|13718|365072|0|0|6720|1.2009097E12|954|99753|53296541846.00|2061527800.00|0.00|0.00|42101831792.00|5036072|1298369605594.00|954|99753|JAN2020|2020-01
01/06/2020|8500733|1936120|3944162|5123|0|68691|4270267|20145|642187|0|0|33135|3.156094E12|33475|424744|179523281400.00|3389334300.00|0.00|0.00|300458296602.00|6649563|3639464902291.00|33475|424744|JAN2020|2020-01
