date|useribpt|balance|mutasi|registrasi|aktivasi|payment|login|purchase|transfer|ownacc|otheracc|domesticbank|transferidr|transfersgd|transferusd|paymentidr|purchaseidr|ownaccidr|otheraccidr|domesticbankidr|totaltxn|totalidr|totalsgd|totalusd|bln|mth
12/31/2018|629869|70380|301903|0|0|3722|0|0|0|14453|172022|24714|0|0|0|233819263060.00|0.00|6938971392516.00|7340403597121.00|10099983462066.00|587194|24613177714763.00|0|0|DEC2018|2018-12
01/01/2019|629874|13727|72234|0|0|289|0|0|0|1429|41570|0|0|0|0|1689509148.00|0.00|229229824513.00|723036865457.00|0.00|129249|953956199118.00|0|0|JAN2019|2019-01
01/02/2019|630158|89594|507097|0|0|4681|0|0|0|14039|152875|19557|0|0|0|163524347359.00|0.00|7740979516454.00|8726340831794.00|9870671450736.00|787843|26501516146343.00|0|0|JAN2019|2019-01
01/03/2019|630430|93061|377942|0|0|7164|0|0|0|13422|174285|23328|0|0|0|240461394387.00|0.00|7236734594128.00|9111378934957.00|8228214487953.00|689202|24816789411425.00|0|0|JAN2019|2019-01
01/04/2019|630703|99371|362551|0|0|10495|0|0|0|15897|209983|28839|0|0|0|276536184727.00|0.00|6555471481933.00|10363390489097.00|9497949345233.00|727136|26693347500990.00|0|0|JAN2019|2019-01
01/05/2019|630703|36068|145713|0|0|2705|0|0|0|3607|99444|0|0|0|0|33773790259.00|0.00|412143516304.00|2062362343779.00|0.00|287537|2508279650342.00|0|0|JAN2019|2019-01
01/06/2019|630703|14565|61097|0|0|690|0|0|0|1057|26652|0|0|0|0|14577276451.00|0.00|166848515812.00|673414452669.00|0.00|104061|854840244932.00|0|0|JAN2019|2019-01
01/07/2019|631011|107698|434777|0|0|16215|0|0|0|16851|194290|31256|0|0|0|351051825736.00|0.00|8569351297018.00|10488085534449.00|11122971209869.00|801087|30531459867072.00|0|0|JAN2019|2019-01
01/08/2019|631342|98964|386945|0|0|20857|0|0|0|15486|189961|27200|0|0|0|404049055460.00|0.00|6638759405845.00|10049011208332.00|10718022728347.00|739413|27809842397984.00|0|0|JAN2019|2019-01
01/09/2019|631710|96439|359233|0|0|30598|0|0|0|14694|177226|25713|0|0|0|789880089973.00|0.00|6777165307035.00|9549883514108.00|8432096648926.00|703903|25549025560042.00|0|0|JAN2019|2019-01
01/10/2019|632053|100712|368869|0|0|46754|0|0|0|14867|198830|28449|0|0|0|1279653062499.00|0.00|6743758768758.00|9155319323912.00|8045121228644.00|758481|25223852383813.00|0|0|JAN2019|2019-01
01/11/2019|632389|99745|380578|0|0|11590|0|0|0|15259|210821|32162|0|0|0|290951953624.00|0.00|6487872219684.00|10686263332925.00|10004716391971.00|750155|27469803898204.00|0|0|JAN2019|2019-01
01/12/2019|632400|32370|141281|0|0|2522|0|0|0|3096|79893|0|0|0|0|25217027170.00|0.00|392815640719.00|1868412865975.00|0.00|259162|2286445533864.00|0|0|JAN2019|2019-01
01/13/2019|632403|13355|59979|0|0|626|0|0|0|1063|23558|0|0|0|0|2587477273.00|0.00|187620891367.00|753298486923.00|0.00|98581|943506855563.00|0|0|JAN2019|2019-01
01/14/2019|632806|104061|433260|0|0|15098|0|0|0|16719|186682|31543|0|0|0|446871338171.00|0.00|7398868843463.00|10083550128765.00|9530622652539.00|787363|27459912962938.00|0|0|JAN2019|2019-01
01/15/2019|633250|101096|397875|0|0|18962|0|0|0|15809|207188|29966|0|0|0|391967737164.00|0.00|7407786284380.00|9956489885042.00|9777379924521.00|770896|27533623831107.00|0|0|JAN2019|2019-01
01/16/2019|633649|92008|356697|0|0|11717|0|0|0|13881|178140|25674|0|0|0|338177047703.00|0.00|5805242821844.00|8509462003019.00|7371697091313.00|678117|22024578963879.00|0|0|JAN2019|2019-01
01/17/2019|634131|92115|355963|0|0|13609|0|0|0|14283|177552|25447|0|0|0|457245211091.00|0.00|5988568897662.00|9244805661738.00|7229925241107.00|678969|22920545011598.00|0|0|JAN2019|2019-01
01/18/2019|634582|100042|377228|0|0|21437|0|0|0|14923|206472|30945|0|0|0|567892225850.00|0.00|7134547182522.00|10139253990051.00|9614491625214.00|751047|27456185023637.00|0|0|JAN2019|2019-01
01/19/2019|634589|34816|143608|0|0|4634|0|0|0|3106|79917|0|0|0|0|48304612806.00|0.00|285004966390.00|1824709600846.00|0.00|266081|2158019180042.00|0|0|JAN2019|2019-01
01/20/2019|634593|15209|61518|0|0|3461|0|0|0|1222|25582|0|0|0|0|30480382872.00|0.00|199949081479.00|676971341354.00|0.00|106992|907400805705.00|0|0|JAN2019|2019-01
01/21/2019|634951|102918|439529|0|0|8767|0|0|0|16134|185442|29890|0|0|0|350877125289.00|0.00|8390899605665.00|10035143052948.00|9196509856023.00|782680|27973429639925.00|0|0|JAN2019|2019-01
01/22/2019|635357|95098|388025|0|0|6205|0|0|0|15142|176837|25897|0|0|0|194073340608.00|0.00|6924262302833.00|9461566214027.00|8508517193338.00|707204|25088419050806.00|0|0|JAN2019|2019-01
01/23/2019|635792|92919|367909|0|0|5132|0|0|0|13934|164953|24124|0|0|0|199192451070.00|0.00|6380203496929.00|8506445034096.00|7459007116487.00|668971|22544848098582.00|0|0|JAN2019|2019-01
01/24/2019|636177|92890|364929|0|0|5782|0|0|0|14064|168699|24965|0|0|0|257431514178.00|0.00|6216865504845.00|8481479283843.00|6763408203742.00|671329|21719184506608.00|0|0|JAN2019|2019-01
01/25/2019|636612|104008|389650|0|0|6476|0|0|0|15419|241892|34087|0|0|0|326191629406.00|0.00|7785398848349.00|10683003471045.00|9256982141853.00|791532|28051576090653.00|0|0|JAN2019|2019-01
01/26/2019|636623|34202|153188|0|0|1220|0|0|0|3151|89170|0|0|0|0|26847197946.00|0.00|279033836359.00|1903189554554.00|0.00|280931|2209070588859.00|0|0|JAN2019|2019-01
01/27/2019|636623|14349|63779|0|0|290|0|0|0|1066|28524|0|0|0|0|2133088012.00|0.00|194077110052.00|739745147876.00|0.00|108008|935955345940.00|0|0|JAN2019|2019-01
01/28/2019|637018|111534|472865|0|0|7040|0|0|0|17132|219340|33171|0|0|0|414289216890.00|0.00|7766980037224.00|10364986428938.00|9891107991992.00|861082|28437363675044.00|0|0|JAN2019|2019-01
01/29/2019|637460|103440|414460|0|0|6700|0|0|0|15669|194632|27678|0|0|0|463526253632.00|0.00|7296526120636.00|9955183514812.00|9881656100220.00|762579|27596891989300.00|0|0|JAN2019|2019-01
01/30/2019|637780|103491|403673|0|0|7605|0|0|0|15805|202582|27880|0|0|0|674327383608.00|0.00|7084508561864.00|9490594699871.00|9374472668562.00|761036|26623903313905.00|0|0|JAN2019|2019-01
01/31/2019|638067|116672|452149|0|0|7917|0|0|0|17794|280898|33240|0|0|0|597460104250.00|0.00|7019318856921.00|11086869039351.00|9870527789545.00|908670|28574175790067.00|0|0|JAN2019|2019-01
02/01/2019|638530|114344|560069|0|0|6242|0|0|0|16367|274933|31703|0|0|0|272539735843.00|0.00|6429177182282.00|10017512914101.00|8648713170610.00|1003658|25367943002836.00|0|0|FEB2019|2019-02
02/02/2019|638533|38922|162122|0|0|1534|0|0|0|3788|108234|0|0|0|0|20400212739.00|0.00|343228192317.00|2216079478661.00|0.00|314600|2579707883717.00|0|0|FEB2019|2019-02
02/03/2019|638539|14638|67280|0|0|431|0|0|0|1177|29888|0|0|0|0|3419591281.00|0.00|176973222229.00|838480158158.00|0.00|113414|1018872971668.00|0|0|FEB2019|2019-02
02/04/2019|638902|95268|379783|0|0|8429|0|0|0|15501|181165|30396|0|0|0|239724555737.00|0.00|6926207271579.00|8631344109978.00|9059086925794.00|710542|24856362863088.00|0|0|FEB2019|2019-02
02/05/2019|638914|15048|58512|0|0|927|0|0|0|1559|43907|0|0|0|0|7537401907.00|0.00|172130083744.00|910524876599.00|0.00|119953|1090192362250.00|0|0|FEB2019|2019-02
02/06/2019|639193|98803|401853|0|0|13415|0|0|0|15219|179521|26226|0|0|0|300283814930.00|0.00|8051775999688.00|8438390742799.00|9098353904657.00|735037|25888804462074.00|0|0|FEB2019|2019-02
02/07/2019|639620|97653|367850|0|0|21676|0|0|0|15050|191317|26456|0|0|0|432005650376.00|0.00|6405408290978.00|8268157374791.00|9246164193190.00|720002|24351735509335.00|0|0|FEB2019|2019-02
02/08/2019|639973|106056|379887|0|0|45599|0|0|0|16050|225305|34071|0|0|0|1012247170222.00|0.00|6872186988956.00|9742252504458.00|9105556915410.00|806968|26732243579046.00|0|0|FEB2019|2019-02
02/09/2019|639985|34529|146691|0|0|7030|0|0|0|3327|90002|0|0|0|0|60218153903.00|0.00|348043862475.00|1962454147497.00|0.00|281579|2370716163875.00|0|0|FEB2019|2019-02
02/10/2019|639995|15298|63615|0|0|2589|0|0|0|1417|29882|0|0|0|0|14887253084.00|0.00|216911184667.00|714991723946.00|0.00|112801|946790161697.00|0|0|FEB2019|2019-02
02/11/2019|640356|112163|461634|0|0|29696|0|0|0|17094|198467|32586|0|0|0|704721432553.00|0.00|7967616074968.00|10310283137384.00|9780606502056.00|851640|28763227146961.00|0|0|FEB2019|2019-02
02/12/2019|640706|96892|387259|0|0|14351|0|0|0|14957|182843|26824|0|0|0|282485182537.00|0.00|6430417063165.00|9590162583675.00|8588202233649.00|723126|24891267063026.00|0|0|FEB2019|2019-02
02/13/2019|641037|92598|362639|0|0|12217|0|0|0|14586|171468|25673|0|0|0|272042451284.00|0.00|6450931382496.00|8752712449979.00|7926034415291.00|679181|23401720699050.00|0|0|FEB2019|2019-02
02/14/2019|641713|93163|358984|0|0|13247|0|0|0|14245|176473|26255|0|0|0|376892912882.00|0.00|5609906516622.00|8129657342229.00|7907788582668.00|682367|22024245354401.00|0|0|FEB2019|2019-02
02/15/2019|642123|103515|383743|0|0|19756|0|0|0|15502|230450|33675|0|0|0|583406352874.00|0.00|7668892590022.00|10454406181207.00|10221890906247.00|786641|28928596030350.00|0|0|FEB2019|2019-02
02/16/2019|642123|33470|148554|0|0|2697|0|0|0|2960|89421|0|0|0|0|41516104434.00|0.00|331945493450.00|1885892526317.00|0.00|277102|2259354124201.00|0|0|FEB2019|2019-02
02/17/2019|642122|13169|59337|0|0|930|0|0|0|1072|24166|0|0|0|0|13044267648.00|0.00|185026535374.00|668435114748.00|0.00|98674|866505917770.00|0|0|FEB2019|2019-02
02/18/2019|642518|103275|442047|0|0|15719|0|0|0|16469|187524|30505|0|0|0|409323361732.00|0.00|7349281496620.00|9765981321944.00|8894715335396.00|795539|26419301515692.00|0|0|FEB2019|2019-02
02/19/2019|642883|97249|393265|0|0|16386|0|0|0|14804|178474|26360|0|0|0|502959818470.00|0.00|7066299974960.00|9708915647195.00|9575246244880.00|726538|26853421685505.00|0|0|FEB2019|2019-02
02/20/2019|643270|96965|378838|0|0|17488|0|0|0|14888|179866|26789|0|0|0|386011778218.00|0.00|7081152705006.00|9034476967659.00|8442076054949.00|714834|24943717505832.00|0|0|FEB2019|2019-02
02/21/2019|643742|95353|370692|0|0|7021|0|0|0|14252|173835|26624|0|0|0|203843440479.00|0.00|6715094275646.00|8888758305861.00|8572760704782.00|687777|24380456726768.00|0|0|FEB2019|2019-02
02/22/2019|644164|101214|385063|0|0|6524|0|0|0|15118|204615|30772|0|0|0|296245196864.00|0.00|7238432594030.00|10180892825054.00|10863704474832.00|743306|28579275090780.00|0|0|FEB2019|2019-02
02/23/2019|644168|33462|149831|0|0|1172|0|0|0|3246|80303|0|0|0|0|22880118185.00|0.00|313355111740.00|1924883623356.00|0.00|268014|2261118853281.00|0|0|FEB2019|2019-02
02/24/2019|644173|15258|63945|0|0|496|0|0|0|1204|25613|0|0|0|0|5890952374.00|0.00|221565417118.00|710596467145.00|0.00|106516|938052836637.00|0|0|FEB2019|2019-02
02/25/2019|644505|114214|476542|0|0|7103|0|0|0|17361|229924|34817|0|0|0|405718625889.00|0.00|9521916729239.00|10765125512022.00|10895488768003.00|879961|31588249635153.00|0|0|FEB2019|2019-02
02/26/2019|644812|104399|425326|0|0|7506|0|0|0|16936|201114|29490|0|0|0|430460858271.00|0.00|7736988746195.00|10509514062079.00|9536086091911.00|784771|28213049758456.00|0|0|FEB2019|2019-02
02/27/2019|645205|107370|415019|0|0|8147|0|0|0|17183|212949|29244|0|0|0|651877372829.00|0.00|8287526555174.00|10178344258601.00|8607365720862.00|789912|27725113907466.00|0|0|FEB2019|2019-02
02/28/2019|645688|125120|469684|0|0|8541|0|0|0|19048|338306|38481|0|0|0|664480544428.00|0.00|8171678612182.00|12544823124938.00|11206465443110.00|999180|32587447724658.00|0|0|FEB2019|2019-02
03/01/2019|646091|114473|571384|0|0|5084|0|0|0|16571|289258|34167|0|0|0|147724855699.00|0.00|6835984700379.00|10296454640893.00|8948864020141.00|1030937|26229028217112.00|0|0|MAR2019|2019-03
03/02/2019|646099|37410|159313|0|0|1514|0|0|0|3467|102975|0|0|0|0|17355630665.00|0.00|275015260672.00|2146050251892.00|0.00|304679|2438421143229.00|0|0|MAR2019|2019-03
03/03/2019|646099|14389|62734|0|0|684|0|0|0|1208|33725|0|0|0|0|7931404732.00|0.00|185487162381.00|796569557372.00|0.00|112740|989988124485.00|0|0|MAR2019|2019-03
03/04/2019|646479|113585|459778|0|0|11622|0|0|0|17683|207145|32351|0|0|0|275932445593.00|0.00|8315288412786.00|10784316689871.00|9938522981466.00|842164|29314060529716.00|0|0|MAR2019|2019-03
03/05/2019|646754|104724|388359|0|0|15558|0|0|0|15633|216335|30016|0|0|0|259930755729.00|0.00|8225981485728.00|10669004038257.00|8902904689612.00|770625|28057820969326.00|0|0|MAR2019|2019-03
03/06/2019|647145|99935|361511|0|0|22660|0|0|0|15469|203163|29579|0|0|0|424240216346.00|0.00|6715363072231.00|9925625567579.00|8364163015734.00|732317|25429391871890.00|0|0|MAR2019|2019-03
03/07/2019|647157|19634|66940|0|0|2211|0|0|0|2084|52008|0|0|0|0|23171476947.00|0.00|267154449238.00|1352615474435.00|0.00|142877|1642941400620.00|0|0|MAR2019|2019-03
03/08/2019|647588|114488|420294|0|0|43919|0|0|0|16569|231734|35893|0|0|0|851902514469.00|0.00|7032574005797.00|10798968988491.00|9584615661850.00|862897|28268061170607.00|0|0|MAR2019|2019-03
03/09/2019|647584|35965|148275|0|0|6905|0|0|0|3320|92680|0|0|0|0|54790847167.00|0.00|303250084798.00|2303819985244.00|0.00|287145|2661860917209.00|0|0|MAR2019|2019-03
03/10/2019|647584|13973|58795|0|0|2799|0|0|0|1243|31189|0|0|0|0|11275800953.00|0.00|113622605633.00|836422799693.00|0.00|107999|961321206279.00|0|0|MAR2019|2019-03
03/11/2019|647956|113692|463708|0|0|32438|0|0|0|17405|213102|34790|0|0|0|763209829896.00|0.00|8874598198385.00|10701357007307.00|10122580806212.00|875135|30461745841800.00|0|0|MAR2019|2019-03
03/12/2019|648315|100938|398847|0|0|14838|0|0|0|15768|190570|28763|0|0|0|273842898772.00|0.00|15338341836376.00|10633725171525.00|10280054512086.00|749724|36525964418759.00|0|0|MAR2019|2019-03
03/13/2019|648820|95561|365241|0|0|13428|0|0|0|14543|181598|27866|0|0|0|304901771822.00|0.00|7097806021529.00|8698186276532.00|8464058930225.00|698237|24564953000108.00|0|0|MAR2019|2019-03
03/14/2019|649199|95212|364186|0|0|14280|0|0|0|14330|182749|27077|0|0|0|357056332130.00|0.00|6403948459847.00|9005973940705.00|8677242129139.00|697834|24444220861821.00|0|0|MAR2019|2019-03
03/15/2019|649605|103883|381489|0|0|19609|0|0|0|16043|236720|34952|0|0|0|445210557006.00|0.00|14847964181211.00|11090840262620.00|9804111690723.00|792696|36188126691560.00|0|0|MAR2019|2019-03
03/16/2019|649630|33712|147735|0|0|2322|0|0|0|3310|89002|0|0|0|0|36623143198.00|0.00|389737664692.00|2176633607095.00|0.00|276081|2602994414985.00|0|0|MAR2019|2019-03
03/17/2019|649633|13263|55862|0|0|913|0|0|0|1035|26258|0|0|0|0|5676066823.00|0.00|174562340586.00|755234086977.00|0.00|97331|935472494386.00|0|0|MAR2019|2019-03
03/18/2019|650037|107312|444126|0|0|15580|0|0|0|16786|193122|31743|0|0|0|389785180985.00|0.00|7901068266514.00|10190087849078.00|10159893119826.00|808669|28640834416403.00|0|0|MAR2019|2019-03
03/19/2019|650437|99207|399355|0|0|17650|0|0|0|15575|185776|28416|0|0|0|507734886693.00|0.00|7417385100908.00|10257957721299.00|8872060852831.00|745979|27055138561731.00|0|0|MAR2019|2019-03
03/20/2019|650886|93542|367864|0|0|18623|0|0|0|14737|184033|27310|0|0|0|422327022495.00|0.00|7610062238028.00|8901499567563.00|8104634059252.00|706109|25038522887338.00|0|0|MAR2019|2019-03
03/21/2019|651374|94848|369959|0|0|7088|0|0|0|14259|174466|26684|0|0|0|234664388559.00|0.00|6263674291164.00|8601697961677.00|7711042382040.00|687304|22811079023440.00|0|0|MAR2019|2019-03
03/22/2019|651818|102774|388056|0|0|7161|0|0|0|15462|209127|31177|0|0|0|310203663109.00|0.00|7857010779889.00|10591599390039.00|9617482012654.00|753757|28376295845691.00|0|0|MAR2019|2019-03
03/23/2019|651832|33873|143972|0|0|1450|0|0|0|3211|81617|0|0|0|0|21434436774.00|0.00|293969239031.00|2024552348216.00|0.00|264123|2339956024021.00|0|0|MAR2019|2019-03
03/24/2019|651832|13558|53164|0|0|423|0|0|0|1084|25646|0|0|0|0|4990699462.00|0.00|147289783055.00|761284708419.00|0.00|93875|913565190936.00|0|0|MAR2019|2019-03
03/25/2019|652220|113847|475112|0|0|7602|0|0|0|17066|229361|34892|0|0|0|398216873190.00|0.00|9393699729691.00|11168904556097.00|10323775679547.00|877880|31284596838525.00|0|0|MAR2019|2019-03
03/26/2019|652475|105014|425474|0|0|7224|0|0|0|16470|200784|29365|0|0|0|438373118718.00|0.00|7808541390739.00|10677240869983.00|9228641032309.00|784331|28152796411749.00|0|0|MAR2019|2019-03
03/27/2019|652896|103367|400500|0|0|7186|0|0|0|16350|191789|27961|0|0|0|463712038830.00|0.00|8122720135099.00|9937338681966.00|8479644447832.00|747153|27003415303727.00|0|0|MAR2019|2019-03
03/28/2019|653346|106377|411097|0|0|9024|0|0|0|16003|220483|30675|0|0|0|627512512469.00|0.00|7416209221804.00|11303694158509.00|9221592428620.00|793659|28569008321402.00|0|0|MAR2019|2019-03
03/29/2019|653806|122656|456953|0|0|9895|0|0|0|17866|291137|40037|0|0|0|685132534752.00|0.00|9053427487101.00|13073918879617.00|13219456595461.00|938544|36031935496931.00|0|0|MAR2019|2019-03
03/30/2019|653811|39873|230150|0|0|2364|0|0|0|4117|134856|0|0|0|0|49162081483.00|0.00|439380269100.00|2577481595046.00|0.00|411360|3066023945629.00|0|0|MAR2019|2019-03
03/31/2019|653814|17206|87033|0|0|832|0|0|0|1659|52676|0|0|0|0|11853873208.00|0.00|186063188280.00|945049281445.00|0.00|159406|1142966342933.00|0|0|MAR2019|2019-03
04/01/2019|654253|121198|624747|0|0|6774|0|0|0|18163|261564|35155|0|0|0|332098076288.00|0.00|8442661872638.00|11275730933927.00|10593403660794.00|1067601|30643894543647.00|0|0|APR2019|2019-04
04/02/2019|654610|108875|439022|0|0|8208|0|0|0|15653|221875|30181|0|0|0|229240129909.00|0.00|7160682378896.00|10812333293234.00|9960049388215.00|823814|28162305190254.00|0|0|APR2019|2019-04
04/03/2019|654611|21110|74440|0|0|1250|0|0|0|2575|56361|0|0|0|0|8860545369.00|0.00|211618720052.00|1731847998219.00|0.00|155736|1952327263640.00|0|0|APR2019|2019-04
04/04/2019|655058|110289|436315|0|0|13534|0|0|0|15799|207151|31956|0|0|0|301666858959.00|0.00|7533110723066.00|10303901380753.00|9243688990955.00|815044|27382367953733.00|0|0|APR2019|2019-04
04/05/2019|655361|112654|402840|0|0|18090|0|0|0|16511|254293|35629|0|0|0|388918186482.00|0.00|8711459402416.00|10907422065832.00|10461145878984.00|840017|30468945533714.00|0|0|APR2019|2019-04
04/06/2019|655391|35964|153839|0|0|3303|0|0|0|3441|95377|0|0|0|0|33504879207.00|0.00|289752950991.00|2173262605842.00|0.00|291924|2496520436040.00|0|0|APR2019|2019-04
04/07/2019|655391|13171|54675|0|0|1414|0|0|0|1174|27614|0|0|0|0|6074581940.00|0.00|127947150354.00|820322431463.00|0.00|98048|954344163757.00|0|0|APR2019|2019-04
04/08/2019|655748|115793|452469|0|0|27227|0|0|0|17315|211006|34300|0|0|0|531077562463.00|0.00|8704492486584.00|11134445980876.00|10597263086762.00|858110|30967279116685.00|0|0|APR2019|2019-04
04/09/2019|656221|106931|406220|0|0|35586|0|0|0|16009|197342|29535|0|0|0|827606771704.00|0.00|7637264688983.00|10294834250490.00|9683503194432.00|791623|28443208905609.00|0|0|APR2019|2019-04
04/10/2019|656638|104734|388888|0|0|42088|0|0|0|15006|205745|29673|0|0|0|940767791956.00|0.00|7769457103323.00|9459757382362.00|8865562323717.00|786134|27035544601358.00|0|0|APR2019|2019-04
04/11/2019|657018|97588|376116|0|0|12875|0|0|0|14173|184968|27321|0|0|0|271797365295.00|0.00|5957186316655.00|8790650414068.00|7498511709282.00|713041|22518145805300.00|0|0|APR2019|2019-04
04/12/2019|657476|104438|387948|0|0|14711|0|0|0|15640|214158|32387|0|0|0|417872428505.00|0.00|7056142718266.00|10441832448797.00|9612359992987.00|769282|27528207588555.00|0|0|APR2019|2019-04
04/13/2019|657824|33807|146985|0|0|2983|0|0|0|3247|86231|0|0|0|0|28909219757.00|0.00|303775981494.00|1971075422808.00|0.00|273253|2303760624059.00|0|0|APR2019|2019-04
04/14/2019|657825|12893|51090|0|0|945|0|0|0|1163|26114|0|0|0|0|6063508478.00|0.00|182120814397.00|840618046469.00|0.00|92205|1028802369344.00|0|0|APR2019|2019-04
04/15/2019|658328|118176|475089|0|0|23447|0|0|0|17493|226151|36250|0|0|0|531896652105.00|0.00|8834252020052.00|11675086042112.00|11923383986387.00|896606|32964618700656.00|0|0|APR2019|2019-04
04/16/2019|658774|109599|430056|0|0|17317|0|0|0|17371|219957|33550|0|0|0|587979368990.00|0.00|8054298829492.00|11950776989089.00|12302960348478.00|827850|32896015536049.00|0|0|APR2019|2019-04
04/17/2019|658775|13245|47535|0|0|1679|0|0|0|1599|34435|0|0|0|0|18031558204.00|0.00|173407243839.00|1062482290461.00|0.00|98493|1253921092504.00|0|0|APR2019|2019-04
04/18/2019|659226|108482|424333|0|0|22316|0|0|0|17062|212091|36100|0|0|0|660160247984.00|0.00|8384064895397.00|11881215673472.00|10956893442813.00|820384|31882334259666.00|0|0|APR2019|2019-04
04/19/2019|659229|19054|66594|0|0|3689|0|0|0|2021|52461|0|0|0|0|47553586203.00|0.00|188601747918.00|1382506613450.00|0.00|143819|1618661947571.00|0|0|APR2019|2019-04
04/20/2019|659237|34805|167290|0|0|6386|0|0|0|3054|82022|0|0|0|0|56114032804.00|0.00|426321771127.00|1915017131233.00|0.00|293557|2397452935164.00|0|0|APR2019|2019-04
04/21/2019|659272|12842|71110|0|0|1347|0|0|0|1074|25748|0|0|0|0|7736746029.00|0.00|176511462794.00|685734821069.00|0.00|112121|869983029892.00|0|0|APR2019|2019-04
04/22/2019|659643|121425|529337|0|0|10673|0|0|0|18109|214406|36760|0|0|0|407965429693.00|0.00|12761874351829.00|12464417260046.00|14010337717551.00|930710|39644594759119.00|0|0|APR2019|2019-04
04/23/2019|660021|107252|439225|0|0|7992|0|0|0|15852|195665|30356|0|0|0|366708401863.00|0.00|8939623188360.00|11004933666851.00|13840210537613.00|796342|34151475794687.00|0|0|APR2019|2019-04
04/24/2019|660428|104497|406453|0|0|7762|0|0|0|16062|185911|27649|0|0|0|526835421685.00|0.00|8504391541239.00|10467171508643.00|9620075894599.00|748334|29118474366166.00|0|0|APR2019|2019-04
04/25/2019|660897|111010|418946|0|0|8470|0|0|0|16384|231054|32996|0|0|0|698753677844.00|0.00|7958281956461.00|10656423323026.00|8803175809884.00|818860|28116634767215.00|0|0|APR2019|2019-04
04/26/2019|661355|115646|432799|0|0|9172|0|0|0|16801|246016|36889|0|0|0|847190781835.00|0.00|8347383043689.00|11877578205115.00|10371763727743.00|857323|31443915758382.00|0|0|APR2019|2019-04
04/27/2019|661356|36402|159912|0|0|2130|0|0|0|3537|103030|0|0|0|0|56515351887.00|0.00|471216540690.00|2274805321637.00|0.00|305011|2802537214214.00|0|0|APR2019|2019-04
04/28/2019|661357|14377|61950|0|0|585|0|0|0|1239|37484|0|0|0|0|10023667315.00|0.00|152461572776.00|1081321079910.00|0.00|115635|1243806320001.00|0|0|APR2019|2019-04
04/29/2019|661820|130630|517799|0|0|13010|0|0|0|19253|241011|37326|0|0|0|1383474115073.00|0.00|12808647118310.00|13107099561004.00|15915260626868.00|959029|43214481421255.00|0|0|APR2019|2019-04
04/30/2019|662160|145209|558012|0|0|12685|0|0|0|21043|346671|41130|0|0|0|1106800942121.00|0.00|9987135088953.00|15412458837570.00|15038989723989.00|1124750|41545384592633.00|0|0|APR2019|2019-04
05/01/2019|662171|26546|125007|0|0|944|0|0|0|3397|103535|0|0|0|0|7883770142.00|0.00|357722394131.00|2017727804848.00|0.00|259429|2383333969121.00|0|0|MAY2019|2019-05
05/02/2019|662493|122209|612460|0|0|7601|0|0|0|17016|236680|35225|0|0|0|291152763564.00|0.00|9063544887933.00|11449557762366.00|11718744240546.00|1031191|32522999654409.00|0|0|MAY2019|2019-05
05/03/2019|662896|128388|474727|0|0|10243|0|0|0|15680|240328|30429|0|0|0|298862381867.00|0.00|7787751328306.00|10544585686809.00|9327276921515.00|899795|27958476318497.00|0|0|MAY2019|2019-05
05/04/2019|662902|39115|157111|0|0|2962|0|0|0|3637|104021|0|0|0|0|32129042260.00|0.00|381829167691.00|2480644959589.00|0.00|306846|2894603169540.00|0|0|MAY2019|2019-05
05/05/2019|662903|14879|56425|0|0|1019|0|0|0|1269|38410|0|0|0|0|5000850683.00|0.00|157008199401.00|1069041048833.00|0.00|112002|1231050098917.00|0|0|MAY2019|2019-05
05/06/2019|663315|120595|460369|0|0|18369|0|0|0|18153|223761|36336|0|0|0|362736519559.00|0.00|9830054798650.00|11596897694685.00|14211336479538.00|877583|36001025492432.00|0|0|MAY2019|2019-05
05/07/2019|663721|114996|430515|0|0|22160|0|0|0|16548|209082|31535|0|0|0|390699754950.00|0.00|8077288249036.00|11112096006600.00|11476131562581.00|824836|31056215573167.00|0|0|MAY2019|2019-05
05/08/2019|664127|108700|391580|0|0|26313|0|0|0|15432|198509|29086|0|0|0|539410948749.00|0.00|6883960657315.00|9786211280698.00|8861140018066.00|769620|26070722904828.00|0|0|MAY2019|2019-05
05/09/2019|664507|108045|385271|0|0|34969|0|0|0|15379|196344|29109|0|0|0|802437559437.00|0.00|7159608062329.00|9558527143640.00|8381290876375.00|769117|25901863641781.00|0|0|MAY2019|2019-05
05/10/2019|664962|118972|422354|0|0|42245|0|0|0|16682|246082|36760|0|0|0|877448365140.00|0.00|7514461102747.00|11541107605327.00|10158476602150.00|883095|30091493675364.00|0|0|MAY2019|2019-05
05/11/2019|664973|37372|161712|0|0|3225|0|0|0|3487|96072|0|0|0|0|32035782956.00|0.00|438450031490.00|2295484524483.00|0.00|301868|2765970338929.00|0|0|MAY2019|2019-05
05/12/2019|664974|13903|66896|0|0|937|0|0|0|1162|28503|0|0|0|0|5291160463.00|0.00|223528160352.00|836818073701.00|0.00|111401|1065637394516.00|0|0|MAY2019|2019-05
05/13/2019|665430|120518|481162|0|0|14089|0|0|0|18087|210683|34194|0|0|0|440507237306.00|0.00|8855726404523.00|12040925661255.00|11812593751334.00|878733|33149753054418.00|0|0|MAY2019|2019-05
05/14/2019|665890|112909|436995|0|0|15625|0|0|0|16691|202605|30968|0|0|0|476375042733.00|0.00|7956135937963.00|11414187864922.00|11770609834918.00|815793|31617308680536.00|0|0|MAY2019|2019-05
05/15/2019|666311|110082|414346|0|0|20547|0|0|0|15926|217049|31393|0|0|0|463839879574.00|0.00|6617739313603.00|10669392681135.00|9206271077997.00|809343|26957242952309.00|0|0|MAY2019|2019-05
05/16/2019|666824|105689|405808|0|0|12701|0|0|0|15144|199652|29388|0|0|0|335864856769.00|0.00|6191812271878.00|9235472654969.00|8737035812621.00|768382|24500185596237.00|0|0|MAY2019|2019-05
05/17/2019|667272|114654|424568|0|0|17304|0|0|0|16349|230490|33750|0|0|0|515195636793.00|0.00|7313654765212.00|11058294363760.00|9907966375084.00|837115|28795111140849.00|0|0|MAY2019|2019-05
05/18/2019|667274|38491|165164|0|0|4114|0|0|0|3553|96905|0|0|0|0|49027384421.00|0.00|379746578800.00|2267499625200.00|0.00|308227|2696273588421.00|0|0|MAY2019|2019-05
05/19/2019|667276|14754|62506|0|0|1833|0|0|0|1183|30084|0|0|0|0|14554504961.00|0.00|270504106955.00|1326273356022.00|0.00|110360|1611331967938.00|0|0|MAY2019|2019-05
05/20/2019|667710|126740|502522|0|0|20916|0|0|0|18989|230302|35643|0|0|0|606818911239.00|0.00|9207741732007.00|12152915218985.00|11529657106196.00|935112|33497132968427.00|0|0|MAY2019|2019-05
05/21/2019|668132|117831|442556|0|0|9177|0|0|0|16958|215115|30528|0|0|0|303324948508.00|0.00|10492325689819.00|12225038518924.00|11873802797770.00|832165|34894491955021.00|0|0|MAY2019|2019-05
05/22/2019|668305|97492|358218|0|0|5923|0|0|0|14805|194927|27404|0|0|0|214917014172.00|0.00|7258205644781.00|8950144958954.00|8125807322448.00|698769|24549074940355.00|0|0|MAY2019|2019-05
05/23/2019|668656|114846|424351|0|0|6523|0|0|0|16173|218023|30132|0|0|0|306281911869.00|0.00|7044142488934.00|10748023189178.00|9640559804602.00|810048|27739007394583.00|0|0|MAY2019|2019-05
05/24/2019|669288|124649|442750|0|0|8371|0|0|0|18130|293971|41022|0|0|0|612364709642.00|0.00|8985713941055.00|12517666991566.00|12990226224978.00|928893|35105971867241.00|0|0|MAY2019|2019-05
05/25/2019|669288|43804|179894|0|0|2026|0|0|0|4299|139047|0|0|0|0|40189197138.00|0.00|564134883913.00|2774747853844.00|0.00|369070|3379071934895.00|0|0|MAY2019|2019-05
05/26/2019|669302|15983|61145|0|0|624|0|0|0|1374|38058|0|0|0|0|9007744212.00|0.00|256779698827.00|929550514845.00|0.00|117184|1195337957884.00|0|0|MAY2019|2019-05
05/27/2019|669674|143336|555486|0|0|10590|0|0|0|20564|282860|43997|0|0|0|602341605244.00|0.00|11235351892639.00|14601430633147.00|13768639543683.00|1056833|40207763674713.00|0|0|MAY2019|2019-05
05/28/2019|670041|123918|450144|0|0|11530|0|0|0|18119|280861|33481|0|0|0|598144474321.00|0.00|10550836256738.00|14334072269042.00|12584337389417.00|918053|38067390389518.00|0|0|MAY2019|2019-05
05/29/2019|670595|151353|541209|0|0|17927|0|0|0|21675|377565|54760|0|0|0|917683123001.00|0.00|11768976578873.00|16042218323879.00|16434938329066.00|1164489|45163816354819.00|0|0|MAY2019|2019-05
05/30/2019|670596|42737|107001|0|0|1485|0|0|0|3432|102349|0|0|0|0|31671361296.00|0.00|565969707993.00|2477105263054.00|0.00|257004|3074746332343.00|0|0|MAY2019|2019-05
05/31/2019|670761|115613|459215|0|0|8651|0|0|0|18215|272187|38074|0|0|0|340877356518.00|0.00|9717381293694.00|11826135334027.00|14132085210337.00|911955|36016479194576.00|0|0|MAY2019|2019-05
06/01/2019|670762|29748|157744|0|0|1549|0|0|0|3501|104887|0|0|0|0|16429607399.00|0.00|606499311320.00|1947668458108.00|0.00|297429|2570597376827.00|0|0|JUN2019|2019-06
06/02/2019|670762|15879|77937|0|0|847|0|0|0|1422|37638|0|0|0|0|6068836947.00|0.00|256487559648.00|1121625084465.00|0.00|133723|1384181481060.00|0|0|JUN2019|2019-06
06/03/2019|670768|35995|200279|0|0|4571|0|0|0|5544|93197|0|0|0|0|53979381538.00|0.00|1147809544965.00|2878787300207.00|0.00|339586|4080576226710.00|0|0|JUN2019|2019-06
06/04/2019|670772|20363|92106|0|0|2979|0|0|0|2310|55664|0|0|0|0|26507753018.00|0.00|598883859573.00|1308573514593.00|0.00|173422|1933965127184.00|0|0|JUN2019|2019-06
06/05/2019|670772|7765|47812|0|0|1220|0|0|0|732|18218|0|0|0|0|7136907993.00|0.00|167354295992.00|520846294555.00|0.00|75747|695337498540.00|0|0|JUN2019|2019-06
06/06/2019|670772|8522|68375|0|0|1188|0|0|0|721|15777|0|0|0|0|6688448231.00|0.00|240104732311.00|482843320480.00|0.00|94583|729636501022.00|0|0|JUN2019|2019-06
06/07/2019|670727|13146|103242|0|0|2215|0|0|0|1127|23937|0|0|0|0|19614820499.00|0.00|469393247555.00|764936672684.00|0.00|143667|1253944740738.00|0|0|JUN2019|2019-06
06/08/2019|670727|12130|63354|0|0|2319|0|0|0|1011|23333|0|0|0|0|9781826415.00|0.00|243554694105.00|951729751031.00|0.00|102147|1205066271551.00|0|0|JUN2019|2019-06
06/09/2019|670728|10539|55852|0|0|1726|0|0|0|857|17536|0|0|0|0|9794078570.00|0.00|348394372306.00|703160512380.00|0.00|86510|1061348963256.00|0|0|JUN2019|2019-06
06/10/2019|671138|98191|499503|0|0|46046|0|0|0|14425|150492|35038|0|0|0|901729690453.00|0.00|14277302950383.00|11548132734181.00|19650953242102.00|843695|46378118617119.00|0|0|JUN2019|2019-06
06/11/2019|671470|87178|375078|0|0|20593|0|0|0|13462|150950|23773|0|0|0|419432443071.00|0.00|7993546470914.00|9907371039628.00|12578010147773.00|671034|30898360101386.00|0|0|JUN2019|2019-06
06/12/2019|671806|88874|362872|0|0|22242|0|0|0|13765|157533|23303|0|0|0|529670736820.00|0.00|9287761394012.00|8847517200679.00|9202846042691.00|668589|27867795374202.00|0|0|JUN2019|2019-06
06/13/2019|672137|93050|359859|0|0|15821|0|0|0|13596|167252|25714|0|0|0|385140769074.00|0.00|6752877330696.00|9398027340947.00|9678337164117.00|675292|26214382604834.00|0|0|JUN2019|2019-06
06/14/2019|672489|100679|376169|0|0|20807|0|0|0|15375|208989|32544|0|0|0|592155204679.00|0.00|8446146757988.00|11427740847090.00|9732224313364.00|754563|30198267123121.00|0|0|JUN2019|2019-06
06/15/2019|672494|34018|147037|0|0|5952|0|0|0|3289|91339|0|0|0|0|48883776302.00|0.00|317430249625.00|2185060094148.00|0.00|281635|2551374120075.00|0|0|JUN2019|2019-06
06/16/2019|672494|12113|48176|0|0|1003|0|0|0|1111|26768|0|0|0|0|9038695981.00|0.00|241908774223.00|806150065634.00|0.00|89171|1057097535838.00|0|0|JUN2019|2019-06
06/17/2019|672802|112036|471286|0|0|18793|0|0|0|16494|201106|33364|0|0|0|493771039815.00|0.00|8217853744177.00|11407608774790.00|12065331235812.00|853079|32184564794594.00|0|0|JUN2019|2019-06
06/18/2019|673110|102932|406389|0|0|17058|0|0|0|15281|193857|29059|0|0|0|391421250175.00|0.00|8371870994956.00|11434428769436.00|11574024036917.00|764576|31771745051484.00|0|0|JUN2019|2019-06
06/19/2019|673443|100294|386821|0|0|19440|0|0|0|15322|182783|27672|0|0|0|584065071103.00|0.00|6437114554039.00|9854621690375.00|9041858723428.00|732332|25917660038945.00|0|0|JUN2019|2019-06
06/20/2019|673914|103791|390760|0|0|20009|0|0|0|15135|192791|28707|0|0|0|593645843373.00|0.00|9255392156653.00|9899133010965.00|8689852581103.00|751193|28438023592094.00|0|0|JUN2019|2019-06
06/21/2019|674272|108793|409317|0|0|8916|0|0|0|15919|213179|33086|0|0|0|299440035992.00|0.00|7826088719598.00|11187560716541.00|10622531001053.00|789210|29935620473184.00|0|0|JUN2019|2019-06
06/22/2019|674279|34640|149326|0|0|1591|0|0|0|3205|86140|0|0|0|0|24615173502.00|0.00|278947241656.00|2136605250442.00|0.00|274902|2440167665600.00|0|0|JUN2019|2019-06
06/23/2019|674283|12424|55468|0|0|296|0|0|0|1032|26171|0|0|0|0|5542161539.00|0.00|219831361856.00|835062030187.00|0.00|95391|1060435553582.00|0|0|JUN2019|2019-06
06/24/2019|674592|117157|478433|0|0|6955|0|0|0|17174|198475|32304|0|0|0|450845836980.00|0.00|10897988966162.00|11694713396605.00|11478117035432.00|850498|34521665235179.00|0|0|JUN2019|2019-06
06/25/2019|675034|116723|445125|0|0|8056|0|0|0|16382|233543|33739|0|0|0|439446218828.00|0.00|8315805695972.00|11946154554429.00|12662531965501.00|853568|33363938434730.00|0|0|JUN2019|2019-06
06/26/2019|675443|110486|418368|0|0|7946|0|0|0|15838|201022|30192|0|0|0|611986586937.00|0.00|8275924398567.00|10813609184182.00|9282177073080.00|783852|28983697242766.00|0|0|JUN2019|2019-06
06/27/2019|675809|115730|427010|0|0|8912|0|0|0|16483|214532|31756|0|0|0|683173357664.00|0.00|9051711686991.00|10747368304495.00|10259795388376.00|814423|30742048737526.00|0|0|JUN2019|2019-06
06/28/2019|676169|137646|491544|0|0|11142|0|0|0|19413|332037|44630|0|0|0|960063875771.00|0.00|10678941241325.00|18769773268098.00|16262430692779.00|1036412|46671209077973.00|0|0|JUN2019|2019-06
06/29/2019|676238|42961|231884|0|0|2056|0|0|0|4124|140690|0|0|0|0|65859154525.00|0.00|367956825150.00|2660355149656.00|0.00|421715|3094171129331.00|0|0|JUN2019|2019-06
06/30/2019|676237|16606|83897|0|0|731|0|0|0|1809|58611|0|0|0|0|19327979113.00|0.00|314818630401.00|1060346898711.00|0.00|161654|1394493508225.00|0|0|JUN2019|2019-06
07/01/2019|676703|129635|628859|0|0|7392|0|0|0|18308|269444|36743|0|0|0|358915370500.00|0.00|8915584784555.00|12239986453065.00|13058754649346.00|1090381|34573241257466.00|0|0|JUL2019|2019-07
07/02/2019|677048|112721|450375|0|0|8950|0|0|0|15869|218913|29391|0|0|0|226925921116.00|0.00|7408863541151.00|11168569304914.00|11218340742295.00|836219|30022699509476.00|0|0|JUL2019|2019-07
07/03/2019|677490|104784|391246|0|0|11981|0|0|0|14818|197411|26690|0|0|0|244778373835.00|0.00|7449410036734.00|10129332478006.00|8677570106052.00|746930|26501090994627.00|0|0|JUL2019|2019-07
07/04/2019|678014|103480|372205|0|0|13735|0|0|0|14526|190987|26436|0|0|0|328462986297.00|0.00|6679890423465.00|9716548191839.00|8144434117072.00|721369|24869335718673.00|0|0|JUL2019|2019-07
07/05/2019|678552|115871|396438|0|0|17673|0|0|0|16050|242735|32619|0|0|0|336242933724.00|0.00|8716433470652.00|10498048074682.00|10291821432891.00|821386|29842545911949.00|0|0|JUL2019|2019-07
07/06/2019|678555|36314|148624|0|0|3341|0|0|0|3222|93080|0|0|0|0|35859078065.00|0.00|384322425793.00|2201895348855.00|0.00|284581|2622076852713.00|0|0|JUL2019|2019-07
07/07/2019|678558|13284|58638|0|0|1079|0|0|0|1233|27813|0|0|0|0|9434701516.00|0.00|271281324028.00|864220665345.00|0.00|102047|1144936690889.00|0|0|JUL2019|2019-07
07/08/2019|679041|116489|465200|0|0|26177|0|0|0|16942|201587|32382|0|0|0|469457343409.00|0.00|9574333574772.00|10315314251948.00|11562562184536.00|858777|31921667354665.00|0|0|JUL2019|2019-07
07/09/2019|679573|111484|421725|0|0|34137|0|0|0|16133|196946|28517|0|0|0|847788253425.00|0.00|8915795750958.00|11710950463020.00|11262120509339.00|808942|32736654976742.00|0|0|JUL2019|2019-07
07/10/2019|680032|110112|399959|0|0|43467|0|0|0|15500|205340|30381|0|0|0|949028331328.00|0.00|7660059235196.00|10001075578926.00|8778824885134.00|804759|27388988030584.00|0|0|JUL2019|2019-07
07/11/2019|680585|104871|393015|0|0|13046|0|0|0|14679|187540|27810|0|0|0|302752525219.00|0.00|6170477567429.00|9252152435446.00|8689150975516.00|740961|24414533503610.00|0|0|JUL2019|2019-07
07/12/2019|680987|112443|403470|0|0|14520|0|0|0|15335|220305|32796|0|0|0|388984043037.00|0.00|7134096774608.00|10351327886598.00|9504304587312.00|798869|27378713291555.00|0|0|JUL2019|2019-07
07/13/2019|680989|35902|147175|0|0|2895|0|0|0|3339|89222|0|0|0|0|29298097670.00|0.00|343567486922.00|1998643148826.00|0.00|278533|2371508733418.00|0|0|JUL2019|2019-07
07/14/2019|680991|13667|49248|0|0|926|0|0|0|1218|28391|0|0|0|0|6296394596.00|0.00|218701205434.00|750337540605.00|0.00|93450|975335140635.00|0|0|JUL2019|2019-07
07/15/2019|681421|122427|480172|0|0|21069|0|0|0|17204|224098|35074|0|0|0|514328981164.00|0.00|8607946431547.00|11468166453155.00|12559221026417.00|900044|33149662892283.00|0|0|JUL2019|2019-07
07/16/2019|681967|109534|434766|0|0|12157|0|0|0|15620|201695|28813|0|0|0|277806468190.00|0.00|6919715246667.00|10573164805314.00|10296666066608.00|802585|28067352586779.00|0|0|JUL2019|2019-07
07/17/2019|682486|105145|401248|0|0|13128|0|0|0|14975|187948|26833|0|0|0|293401130287.00|0.00|7176563155916.00|9400378754851.00|8402927866412.00|749277|25273270907466.00|0|0|JUL2019|2019-07
07/18/2019|683071|102708|387766|0|0|15106|0|0|0|14323|186112|27999|0|0|0|372434856685.00|0.00|5923522243570.00|9032084155486.00|8313847654619.00|734014|23641888910360.00|0|0|JUL2019|2019-07
07/19/2019|683576|113241|413723|0|0|20049|0|0|0|15479|223754|33463|0|0|0|496314640129.00|0.00|7976273158566.00|10477826570044.00|10792372346531.00|819709|29742786715270.00|0|0|JUL2019|2019-07
07/20/2019|683584|38357|154846|0|0|6698|0|0|0|3388|95021|0|0|0|0|43580099027.00|0.00|279178276558.00|2087481678286.00|0.00|298310|2410240053871.00|0|0|JUL2019|2019-07
07/21/2019|683588|13695|49762|0|0|1012|0|0|0|1133|27426|0|0|0|0|6268106193.00|0.00|205280372087.00|823658712061.00|0.00|93028|1035207190341.00|0|0|JUL2019|2019-07
07/22/2019|683971|118202|493997|0|0|8522|0|0|0|17227|201528|32838|0|0|0|288005768323.00|0.00|9206911974149.00|11170950466028.00|10974931517370.00|872314|31640799725870.00|0|0|JUL2019|2019-07
07/23/2019|684503|108156|429947|0|0|7222|0|0|0|15369|192582|28218|0|0|0|252226017166.00|0.00|7642953261871.00|10989865170347.00|11179127912328.00|781494|30064172361712.00|0|0|JUL2019|2019-07
07/24/2019|683795|105704|393770|0|0|6034|0|0|0|14727|181111|26854|0|0|0|323703165854.00|0.00|6657965851312.00|9394408725110.00|8882155849527.00|728200|25258233591803.00|0|0|JUL2019|2019-07
07/25/2019|684277|111794|420828|0|0|6889|0|0|0|15117|228543|31944|0|0|0|359368932703.00|0.00|7812263575358.00|9884592835867.00|8703939879704.00|815115|26760165223632.00|0|0|JUL2019|2019-07
07/26/2019|684751|117945|442519|0|0|7263|0|0|0|16313|251062|35895|0|0|0|369609804264.00|0.00|8212927216444.00|12247180411905.00|11204503425579.00|870997|32034220858192.00|0|0|JUL2019|2019-07
07/27/2019|684745|38429|163543|0|0|1501|0|0|0|3341|103925|0|0|0|0|31128398006.00|0.00|306770665990.00|2152607790888.00|0.00|310739|2490506854884.00|0|0|JUL2019|2019-07
07/28/2019|684755|14269|55638|0|0|314|0|0|0|1313|37567|0|0|0|0|3537745212.00|0.00|194706398920.00|984931367396.00|0.00|109101|1183175511528.00|0|0|JUL2019|2019-07
07/29/2019|685194|128031|522039|0|0|8520|0|0|0|17948|226604|35678|0|0|0|584263619890.00|0.00|9095914371195.00|11692028728869.00|13115719113504.00|938820|34487925833458.00|0|0|JUL2019|2019-07
07/30/2019|685726|122241|480575|0|0|8483|0|0|0|17220|235555|31810|0|0|0|651179127300.00|0.00|8099426019402.00|12157776983187.00|13276391676945.00|895884|34184773806834.00|0|0|JUL2019|2019-07
07/31/2019|686187|130881|500603|0|0|8484|0|0|0|18151|304394|34765|0|0|0|630085331021.00|0.00|7644644958633.00|11661310152305.00|12693884073244.00|997278|32629924515203.00|0|0|JUL2019|2019-07
08/01/2019|686663|120847|613527|0|0|6770|0|0|0|16283|272221|30644|0|0|0|180216838730.00|0.00|6536349717636.00|10277419876195.00|8694485593987.00|1060292|25688472026548.00|0|0|AUG2019|2019-08
08/02/2019|687125|118927|421654|0|0|8184|0|0|0|15426|243483|32900|0|0|0|212312536767.00|0.00|6600782388747.00|10574227515665.00|10088357467772.00|840574|27475679908951.00|0|0|AUG2019|2019-08
08/03/2019|687121|38776|144817|0|0|2233|0|0|0|3465|100063|0|0|0|0|31009313366.00|0.00|444108018592.00|2109489442190.00|0.00|289354|2584606774148.00|0|0|AUG2019|2019-08
08/04/2019|687118|11376|41750|0|0|600|0|0|0|1019|24452|0|0|0|0|1845321803.00|0.00|289322525399.00|765398083505.00|0.00|79197|1056565930707.00|0|0|AUG2019|2019-08
08/05/2019|687593|118271|441827|0|0|15174|0|0|0|16222|225495|31555|0|0|0|296450629372.00|0.00|8647479570617.00|10709453681607.00|12347846480384.00|848544|32001230361980.00|0|0|AUG2019|2019-08
08/06/2019|688065|114074|424711|0|0|18670|0|0|0|16315|214946|30246|0|0|0|327912563415.00|0.00|7003269804770.00|10954013506838.00|10047883269630.00|818962|28333079144653.00|0|0|AUG2019|2019-08
08/07/2019|688448|109342|393613|0|0|23176|0|0|0|15443|199220|28651|0|0|0|428374566834.00|0.00|7204350941694.00|10389880948914.00|9148832557772.00|769445|27171439015214.00|0|0|AUG2019|2019-08
08/08/2019|688884|110895|390917|0|0|31484|0|0|0|15290|204380|29124|0|0|0|680496045540.00|0.00|6614402261062.00|10016292133566.00|9057650443529.00|782090|26368840883697.00|0|0|AUG2019|2019-08
08/09/2019|689317|121028|416765|0|0|46666|0|0|0|16353|243533|35622|0|0|0|1004390615803.00|0.00|7258436143622.00|10490472372662.00|11158753470104.00|879967|29912052602191.00|0|0|AUG2019|2019-08
08/10/2019|689323|38247|151898|0|0|7382|0|0|0|3340|99652|0|0|0|0|52369731641.00|0.00|281022411019.00|2108694617855.00|0.00|300519|2442086760515.00|0|0|AUG2019|2019-08
08/11/2019|689340|11418|46397|0|0|1066|0|0|0|1026|23920|0|0|0|0|6930327731.00|0.00|216847307943.00|629117790325.00|0.00|83827|852895425999.00|0|0|AUG2019|2019-08
08/12/2019|689859|118514|468743|0|0|22254|0|0|0|16453|200758|33256|0|0|0|472043477497.00|0.00|8461098506032.00|10593134560014.00|11108964013736.00|859978|30635240557279.00|0|0|AUG2019|2019-08
08/13/2019|690297|108903|431131|0|0|14103|0|0|0|15288|197130|29042|0|0|0|351398303920.00|0.00|6914145230320.00|10546021814181.00|9577873878847.00|795597|27389439227268.00|0|0|AUG2019|2019-08
08/14/2019|690764|105903|401103|0|0|15395|0|0|0|14618|189727|27599|0|0|0|398545660524.00|0.00|6788775933886.00|9603170399129.00|8255764278787.00|754345|25046256272326.00|0|0|AUG2019|2019-08
08/15/2019|691260|109690|403312|0|0|20225|0|0|0|15321|220080|32049|0|0|0|522530080692.00|0.00|6272088233535.00|10444156606520.00|8514634326139.00|800677|25753409246886.00|0|0|AUG2019|2019-08
08/16/2019|691786|112555|412189|0|0|14933|0|0|0|15453|242079|34542|0|0|0|301201623669.00|0.00|6868036032214.00|11135970309921.00|10535101147492.00|831751|28840309113296.00|0|0|AUG2019|2019-08
08/17/2019|691786|16924|49247|0|0|1371|0|0|0|1612|42704|0|0|0|0|8639103048.00|0.00|304606700770.00|991234455346.00|0.00|111858|1304480259164.00|0|0|AUG2019|2019-08
08/18/2019|691785|13244|50987|0|0|1533|0|0|0|1019|27212|0|0|0|0|9761470212.00|0.00|219845043898.00|691912719942.00|0.00|93995|921519234052.00|0|0|AUG2019|2019-08
08/19/2019|692139|120252|484875|0|0|21127|0|0|0|15889|199666|29526|0|0|0|637149242119.00|0.00|8664270071240.00|10551949340347.00|11465329181130.00|871335|31318697834836.00|0|0|AUG2019|2019-08
08/20/2019|692575|115652|442946|0|0|20211|0|0|0|15928|213412|29534|0|0|0|518222132684.00|0.00|8321359728906.00|10755962742778.00|12530029023850.00|837683|32125573628218.00|0|0|AUG2019|2019-08
08/21/2019|693035|107829|410540|0|0|7352|0|0|0|14775|188154|27207|0|0|0|227527447363.00|0.00|7116904342079.00|9275455169223.00|9468981572044.00|755857|26088868530709.00|0|0|AUG2019|2019-08
08/22/2019|693444|107412|405517|0|0|7302|0|0|0|14611|190597|27694|0|0|0|387299740000.00|0.00|6650462355194.00|9413985492112.00|8961767720332.00|753133|25413515307638.00|0|0|AUG2019|2019-08
08/23/2019|693923|118047|427667|0|0|6770|0|0|0|16276|242817|35761|0|0|0|316814425891.00|0.00|8009916301597.00|11829885728441.00|10679856346877.00|847338|30836472802806.00|0|0|AUG2019|2019-08
08/24/2019|693921|37655|156287|0|0|1432|0|0|0|3462|97465|0|0|0|0|29841045434.00|0.00|408382688766.00|2269978501736.00|0.00|296301|2708202235936.00|0|0|AUG2019|2019-08
08/25/2019|693919|14469|53212|0|0|403|0|0|0|1143|37568|0|0|0|0|7323247739.00|0.00|116322090340.00|774253766312.00|0.00|106795|897899104391.00|0|0|AUG2019|2019-08
08/26/2019|694410|127492|517069|0|0|7477|0|0|0|17931|229741|35550|0|0|0|455069105672.00|0.00|9591553500374.00|12404153719972.00|13251927146019.00|935260|35702703472037.00|0|0|AUG2019|2019-08
08/27/2019|694808|120580|466611|0|0|7733|0|0|0|16641|222106|30665|0|0|0|443067510772.00|0.00|8765714818379.00|11338984167012.00|11203872887540.00|864336|31751639383703.00|0|0|AUG2019|2019-08
08/28/2019|695306|116162|439007|0|0|7382|0|0|0|15775|228147|30729|0|0|0|508139900975.00|0.00|7664295066989.00|10411226626948.00|11761685733476.00|837202|30345347328388.00|0|0|AUG2019|2019-08
08/29/2019|695742|116404|440684|0|0|8444|0|0|0|15325|217764|31062|0|0|0|742564575135.00|0.00|7411606854062.00|10843458437403.00|10838197509107.00|829683|29835827375707.00|0|0|AUG2019|2019-08
08/30/2019|696074|130965|469531|0|0|9575|0|0|0|17614|307379|40969|0|0|0|648750702106.00|0.00|8383709435779.00|12658534938947.00|13215404569620.00|976033|34906399646452.00|0|0|AUG2019|2019-08
08/31/2019|696076|45596|230590|0|0|1931|0|0|0|4555|165887|0|0|0|0|55513364529.00|0.00|395511201620.00|2808738303626.00|0.00|448559|3259762869775.00|0|0|AUG2019|2019-08
09/01/2019|696075|18739|78359|0|0|995|0|0|0|1955|64492|0|0|0|0|4958134677.00|0.00|312180556360.00|1189540606157.00|0.00|164540|1506679297194.00|0|0|SEP2019|2019-09
09/02/2019|696558|133503|642765|0|0|9425|0|0|0|18517|252730|37856|0|0|0|334276242688.00|0.00|8478989562476.00|11586964566204.00|12713922608695.00|1094796|33114152980063.00|0|0|SEP2019|2019-09
09/03/2019|697094|118937|460806|0|0|12241|0|0|0|15540|223044|29672|0|0|0|292291027526.00|0.00|7511994425292.00|11370836328384.00|11119076270410.00|860240|30294198051612.00|0|0|SEP2019|2019-09
09/04/2019|697553|111439|401007|0|0|13379|0|0|0|15059|203255|27604|0|0|0|229541262747.00|0.00|6487019964209.00|9514301022713.00|9211685289448.00|771743|25442547539117.00|0|0|SEP2019|2019-09
09/05/2019|697980|114885|406113|0|0|20172|0|0|0|15335|226980|29855|0|0|0|394477481417.00|0.00|7004810903731.00|9585891579423.00|10952064924922.00|813340|27937244889493.00|0|0|SEP2019|2019-09
09/06/2019|698523|120004|417381|0|0|22804|0|0|0|15951|241380|35116|0|0|0|407174735201.00|0.00|7505117625503.00|10739854533399.00|11295110388605.00|852636|29947257282708.00|0|0|SEP2019|2019-09
09/07/2019|698524|38222|153330|0|0|4414|0|0|0|3329|99700|0|0|0|0|36213436714.00|0.00|378411333740.00|2149193587594.00|0.00|298995|2563818358048.00|0|0|SEP2019|2019-09
09/08/2019|698519|14674|56261|0|0|1303|0|0|0|1070|32937|0|0|0|0|5821722168.00|0.00|351679289112.00|954700682566.00|0.00|106245|1312201693846.00|0|0|SEP2019|2019-09
09/09/2019|698912|127462|489158|0|0|41938|0|0|0|17239|217670|34940|0|0|0|860455070050.00|0.00|8682414243186.00|11162993840222.00|13027216306988.00|928407|33733079460446.00|0|0|SEP2019|2019-09
09/10/2019|699408|124276|466059|0|0|49943|0|0|0|16550|233064|33426|0|0|0|1120257955000.00|0.00|8262327368901.00|11289725374822.00|10951477310523.00|923318|31623788009246.00|0|0|SEP2019|2019-09
09/11/2019|699910|110311|417438|0|0|14544|0|0|0|15267|197513|28708|0|0|0|291242218266.00|0.00|6996482205270.00|9910846975197.00|9102981100290.00|783781|26301552499023.00|0|0|SEP2019|2019-09
09/12/2019|700368|109669|408054|0|0|13732|0|0|0|14430|196618|28782|0|0|0|395826991474.00|0.00|6517493579947.00|9176537196926.00|8274123743175.00|771285|24363981511522.00|0|0|SEP2019|2019-09
09/13/2019|700837|118584|433872|0|0|16997|0|0|0|15780|236938|35670|0|0|0|509662801412.00|0.00|7174752430098.00|11034925623803.00|10524288194677.00|857841|29243629049990.00|0|0|SEP2019|2019-09
09/14/2019|700834|39169|156609|0|0|3531|0|0|0|3457|93143|0|0|0|0|43045087750.00|0.00|359827114084.00|2018255401984.00|0.00|295909|2421127603818.00|0|0|SEP2019|2019-09
09/15/2019|700830|15135|55794|0|0|3097|0|0|0|1255|37325|0|0|0|0|22926959447.00|0.00|256656725932.00|903340784541.00|0.00|112606|1182924469920.00|0|0|SEP2019|2019-09
09/16/2019|691703|126419|509008|0|0|16612|0|0|0|17741|221446|35870|0|0|0|367624655101.00|0.00|8990163490136.00|11873935117804.00|11945383142985.00|927096|33177106406026.00|0|0|SEP2019|2019-09
09/17/2019|659363|112646|448591|0|0|14320|0|0|0|15590|203553|30109|0|0|0|308315228113.00|0.00|6866118687906.00|10470624975021.00|11924569601302.00|824809|29569628492342.00|0|0|SEP2019|2019-09
09/18/2019|642711|109514|416966|0|0|15248|0|0|0|14854|188360|28136|0|0|0|363165255392.00|0.00|6762453481894.00|9282187482354.00|8686493589580.00|773078|25094299809220.00|0|0|SEP2019|2019-09
09/19/2019|599631|108608|411932|0|0|16556|0|0|0|14761|192026|28594|0|0|0|541712580915.00|0.00|7449256978581.00|10176026565027.00|8830783086513.00|772477|26997779211036.00|0|0|SEP2019|2019-09
09/20/2019|564334|120084|439895|0|0|19216|0|0|0|16596|241239|35564|0|0|0|473162186534.00|0.00|9082768309398.00|12479265579791.00|11630700166525.00|872594|33665896242248.00|0|0|SEP2019|2019-09
09/21/2019|564340|38724|164984|0|0|3152|0|0|0|3288|94925|0|0|0|0|29198979193.00|0.00|386798014565.00|2069592750280.00|0.00|305073|2485589744038.00|0|0|SEP2019|2019-09
09/22/2019|564335|15079|58746|0|0|663|0|0|0|1080|31699|0|0|0|0|3668699547.00|0.00|207156192012.00|827369505259.00|0.00|107267|1038194396818.00|0|0|SEP2019|2019-09
09/23/2019|558754|124353|501633|0|0|8052|0|0|0|17539|205891|33300|0|0|0|388389824668.00|0.00|12221772833716.00|11827250910578.00|12969117916243.00|890768|37406531485205.00|0|0|SEP2019|2019-09
09/24/2019|559164|117594|458717|0|0|8651|0|0|0|15886|206006|30621|0|0|0|351207608336.00|0.00|8148084369574.00|11506664792339.00|11042163453286.00|837475|31048120223535.00|0|0|SEP2019|2019-09
09/25/2019|559662|120038|445639|0|0|8469|0|0|0|16263|237657|33386|0|0|0|649580319523.00|0.00|8523764893459.00|10271365974448.00|9239251371644.00|861452|28683962559074.00|0|0|SEP2019|2019-09
09/26/2019|560113|115858|438976|0|0|8712|0|0|0|15804|213260|30781|0|0|0|560196687991.00|0.00|8946202416191.00|10207254112313.00|10462272166263.00|823391|30175925382758.00|0|0|SEP2019|2019-09
09/27/2019|560510|128841|471831|0|0|9715|0|0|0|17955|280271|40162|0|0|0|802222562052.00|0.00|8834447636067.00|12982945898625.00|12160297906479.00|948775|34779914003223.00|0|0|SEP2019|2019-09
09/28/2019|559802|42771|178647|0|0|2966|0|0|0|3750|126706|0|0|0|0|66917709938.00|0.00|361010903092.00|2387686396105.00|0.00|354840|2815615009135.00|0|0|SEP2019|2019-09
09/29/2019|559797|17213|67061|0|0|965|0|0|0|1318|41907|0|0|0|0|6385144100.00|0.00|326983931738.00|893700879800.00|0.00|128464|1227069955638.00|0|0|SEP2019|2019-09
09/30/2019|560140|152954|626237|0|0|11154|0|0|0|21638|348609|45831|0|0|0|909916190571.00|0.00|11350964383992.00|14895702268801.00|17842478901491.00|1206423|44999061744855.00|0|0|SEP2019|2019-09
10/01/2019|560557|130818|697510|0|0|8276|0|0|0|17538|305401|35211|0|0|0|254914719676.00|0.00|8505172846366.00|12041631389357.00|12686114136728.00|1194754|33487833092127.00|0|0|OCT2019|2019-10
10/02/2019|559843|117419|445449|0|0|11384|0|0|0|15466|223769|30238|0|0|0|253250543782.00|0.00|7706678180809.00|9919641778593.00|9722023609360.00|843725|27601594112544.00|0|0|OCT2019|2019-10
10/03/2019|560230|115116|411165|0|0|14090|0|0|0|14949|212880|29048|0|0|0|294469243339.00|0.00|6873407497411.00|9877984944840.00|9096334447115.00|797248|26142196132705.00|0|0|OCT2019|2019-10
10/04/2019|560738|122389|417652|0|0|16412|0|0|0|15938|254598|35909|0|0|0|310717290334.00|0.00|8205756943665.00|11161784561255.00|11206196615275.00|862898|30884455410529.00|0|0|OCT2019|2019-10
10/05/2019|560623|40183|164075|0|0|4234|0|0|0|3664|116679|0|0|0|0|33144957954.00|0.00|411105415071.00|2154306653990.00|0.00|328835|2598557027015.00|0|0|OCT2019|2019-10
10/06/2019|560625|15261|61875|0|0|1036|0|0|0|1284|33786|0|0|0|0|10346688965.00|0.00|284561708796.00|741356855760.00|0.00|113242|1036265253521.00|0|0|OCT2019|2019-10
10/07/2019|561024|128636|491788|0|0|24582|0|0|0|17637|226984|35527|0|0|0|455786445358.00|0.00|9496569258912.00|11330348736349.00|14860028209881.00|925154|36142732650500.00|0|0|OCT2019|2019-10
10/08/2019|561441|118769|448270|0|0|31878|0|0|0|16478|216351|31348|0|0|0|604492385589.00|0.00|7307361203737.00|11190053289602.00|12498955034447.00|863094|31600861913375.00|0|0|OCT2019|2019-10
10/09/2019|561865|114403|414231|0|0|39068|0|0|0|15316|204570|29159|0|0|0|734574306455.00|0.00|7472314309257.00|10276955857381.00|9059133380803.00|816747|27542977853896.00|0|0|OCT2019|2019-10
10/10/2019|562292|116265|421678|0|0|44399|0|0|0|15758|224214|32843|0|0|0|936015778194.00|0.00|7227044752387.00|9493104286973.00|9451429738241.00|855157|27107594555795.00|0|0|OCT2019|2019-10
10/11/2019|562676|117893|433433|0|0|15412|0|0|0|16010|238794|36000|0|0|0|287447797504.00|0.00|7520584973363.00|10898045167318.00|10282186274560.00|857542|28988264212745.00|0|0|OCT2019|2019-10
10/12/2019|562691|37599|159259|0|0|3535|0|0|0|3288|95076|0|0|0|0|22074141333.00|0.00|385197844908.00|1990805143813.00|0.00|298757|2398077130054.00|0|0|OCT2019|2019-10
10/13/2019|562692|14107|62109|0|0|875|0|0|0|1165|30705|0|0|0|0|7330859054.00|0.00|328898411080.00|878245776212.00|0.00|108961|1214475046346.00|0|0|OCT2019|2019-10
10/14/2019|563120|120498|492280|0|0|16639|0|0|0|16614|211176|33963|0|0|0|450966666329.00|0.00|8581662127454.00|11453113897053.00|12844307376494.00|891170|33330050067330.00|0|0|OCT2019|2019-10
10/15/2019|563507|119261|463698|0|0|23156|0|0|0|16551|240764|34505|0|0|0|500982451872.00|0.00|7641729197739.00|11311113176880.00|11625723416458.00|897935|31079548242949.00|0|0|OCT2019|2019-10
10/16/2019|563921|107704|424391|0|0|14585|0|0|0|15286|210062|29509|0|0|0|332405932429.00|0.00|7323903044482.00|9338577988249.00|9290669990370.00|801537|26285556955530.00|0|0|OCT2019|2019-10
10/17/2019|564324|104643|410413|0|0|15724|0|0|0|14476|197475|29292|0|0|0|427532714721.00|0.00|6638401137928.00|9184802431782.00|10117795358771.00|772023|26368531643202.00|0|0|OCT2019|2019-10
10/18/2019|564742|115930|433361|0|0|22221|0|0|0|15694|235996|35627|0|0|0|555402279838.00|0.00|7793185594874.00|11020446280985.00|11052378653302.00|858829|30421412808999.00|0|0|OCT2019|2019-10
10/19/2019|564737|37539|163867|0|0|7068|0|0|0|3415|100760|0|0|0|0|47141419497.00|0.00|447859822137.00|2092375362072.00|0.00|312649|2587376603706.00|0|0|OCT2019|2019-10
10/20/2019|564733|14940|62029|0|0|3440|0|0|0|1279|34968|0|0|0|0|22878565593.00|0.00|246182565224.00|890221864657.00|0.00|116656|1159282995474.00|0|0|OCT2019|2019-10
10/21/2019|565088|123071|507536|0|0|10618|0|0|0|17328|213939|34448|0|0|0|416940841570.00|0.00|11323173763972.00|11028185124638.00|11449048351725.00|906940|34217348081905.00|0|0|OCT2019|2019-10
10/22/2019|565208|114614|461530|0|0|8288|0|0|0|15757|205528|29824|0|0|0|249523773076.00|0.00|7287147550013.00|10570701420453.00|12063128514611.00|835541|30170501258153.00|0|0|OCT2019|2019-10
10/23/2019|565746|111041|429489|0|0|7394|0|0|0|15596|194200|28019|0|0|0|255280784016.00|0.00|7310799436110.00|9354245987771.00|9428471396193.00|785739|26348797604090.00|0|0|OCT2019|2019-10
10/24/2019|566335|112978|420210|0|0|7751|0|0|0|14869|195524|29034|0|0|0|298428785161.00|0.00|7522272196053.00|9902593780386.00|9271016537870.00|780366|26994311299470.00|0|0|OCT2019|2019-10
10/25/2019|566768|127192|462269|0|0|9533|0|0|0|16580|288915|40495|0|0|0|392919545223.00|0.00|9458223872555.00|11882380584304.00|11650433659055.00|944984|33383957661137.00|0|0|OCT2019|2019-10
10/26/2019|566774|39177|169370|0|0|2673|0|0|0|3482|107819|0|0|0|0|36100871130.00|0.00|422135337499.00|2227057759239.00|0.00|322521|2685293967868.00|0|0|OCT2019|2019-10
10/27/2019|566771|15114|66866|0|0|550|0|0|0|1290|40650|0|0|0|0|5503086077.00|0.00|322409515047.00|882211165039.00|0.00|124470|1210123766163.00|0|0|OCT2019|2019-10
10/28/2019|567126|132570|543060|0|0|8776|0|0|0|18228|254790|38298|0|0|0|479352002366.00|0.00|9541632035464.00|12135425992581.00|14332186688123.00|995722|36488596718534.00|0|0|OCT2019|2019-10
10/29/2019|567498|122167|493766|0|0|8508|0|0|0|16572|227780|32204|0|0|0|565393312990.00|0.00|8500848157812.00|11670943146956.00|12534195012706.00|900997|33271379630464.00|0|0|OCT2019|2019-10
10/30/2019|567952|123111|475014|0|0|10275|0|0|0|17389|242432|32561|0|0|0|682612824000.00|0.00|7570311312013.00|12055258200329.00|10993639373439.00|900782|31301821709781.00|0|0|OCT2019|2019-10
10/31/2019|567526|137462|536138|0|0|10840|0|0|0|18552|322699|38397|0|0|0|700209547849.00|0.00|7935845289990.00|12348550718090.00|14022684617452.00|1064088|35007290173381.00|0|0|OCT2019|2019-10
11/01/2019|567961|132936|656802|0|0|7934|0|0|0|17454|320909|37231|0|0|0|213274765794.00|0.00|8506836352035.00|11747544898575.00|11422868697179.00|1173266|31890524713583.00|0|0|NOV2019|2019-11
11/02/2019|567916|41962|180291|0|0|2589|0|0|0|3719|118097|0|0|0|0|30344944818.00|0.00|418413575410.00|2258530516738.00|0.00|346658|2707289036966.00|0|0|NOV2019|2019-11
11/03/2019|567912|16501|80461|0|0|883|0|0|0|1388|39573|0|0|0|0|6252362920.00|0.00|148200814505.00|1072788571146.00|0.00|138806|1227241748571.00|0|0|NOV2019|2019-11
11/04/2019|568319|131969|533455|0|0|15482|0|0|0|17643|232482|35403|0|0|0|337300225398.00|0.00|8981953697653.00|11965755596002.00|13724205903203.00|966434|35009215422256.00|0|0|NOV2019|2019-11
11/05/2019|568689|122273|458802|0|0|20984|0|0|0|16723|247704|32852|0|0|0|330899523388.00|0.00|8773249060316.00|12039247669560.00|13401359737988.00|899338|34544755991252.00|0|0|NOV2019|2019-11
11/06/2019|569161|116903|427546|0|0|19881|0|0|0|15464|215693|30050|0|0|0|312641737532.00|0.00|7546809591920.00|9745450646860.00|9385453131620.00|825537|26990355107932.00|0|0|NOV2019|2019-11
11/07/2019|569590|117851|421776|0|0|36238|0|0|0|15536|217269|30717|0|0|0|576784990539.00|0.00|6243889925769.00|9759894029005.00|10327038833934.00|839387|26907607779247.00|0|0|NOV2019|2019-11
11/08/2019|570020|129828|448792|0|0|53944|0|0|0|17164|268829|38911|0|0|0|1064270519926.00|0.00|7297843303743.00|11613804585739.00|11122824979740.00|957468|31098743389148.00|0|0|NOV2019|2019-11
11/09/2019|570017|21322|67873|0|0|4180|0|0|0|1878|57453|0|0|0|0|17988745453.00|0.00|192906394638.00|1336253468522.00|0.00|152706|1547148608613.00|0|0|NOV2019|2019-11
11/10/2019|570011|15543|70253|0|0|3510|0|0|0|1255|37458|0|0|0|0|17182424254.00|0.00|152025975631.00|982801431139.00|0.00|128019|1152009831024.00|0|0|NOV2019|2019-11
11/11/2019|570396|130155|535013|0|0|30771|0|0|0|16915|231615|33981|0|0|0|689819542564.00|0.00|8509981911981.00|11445893638636.00|12492535716622.00|978450|33138230809803.00|0|0|NOV2019|2019-11
11/12/2019|570865|117743|453089|0|0|15960|0|0|0|15775|213604|30673|0|0|0|316908463159.00|0.00|7287693835411.00|10608739903004.00|10720402911637.00|846844|28933745113211.00|0|0|NOV2019|2019-11
11/13/2019|571339|111710|424389|0|0|14480|0|0|0|15706|203186|29181|0|0|0|297430814655.00|0.00|6901493318508.00|9943337514182.00|9204276710754.00|798652|26346538358099.00|0|0|NOV2019|2019-11
11/14/2019|571736|111692|423987|0|0|17427|0|0|0|15205|208069|31166|0|0|0|429379480216.00|0.00|6096181988632.00|9228275691839.00|8997340679822.00|807546|24751177840509.00|0|0|NOV2019|2019-11
11/15/2019|572117|125284|458012|0|0|24465|0|0|0|16768|276184|39564|0|0|0|515769386765.00|0.00|7780392754740.00|11745525159476.00|11156765369366.00|940277|31198452670347.00|0|0|NOV2019|2019-11
11/16/2019|572097|39546|171564|0|0|3690|0|0|0|3856|104727|0|0|0|0|32027089452.00|0.00|388848590963.00|2117131682294.00|0.00|323383|2538007362709.00|0|0|NOV2019|2019-11
11/17/2019|572097|15409|75759|0|0|1209|0|0|0|1103|32716|0|0|0|0|7359503551.00|0.00|238566156348.00|756961000150.00|0.00|126196|1002886660049.00|0|0|NOV2019|2019-11
11/18/2019|572529|126560|544397|0|0|18840|0|0|0|17250|217517|35592|0|0|0|496446223081.00|0.00|9104715158500.00|12034592432433.00|12669690961483.00|960156|34305444775497.00|0|0|NOV2019|2019-11
11/19/2019|572797|115751|465846|0|0|19454|0|0|0|15563|201436|30522|0|0|0|570675319087.00|0.00|7252014290109.00|11397684551815.00|11304806008071.00|848572|30525180169082.00|0|0|NOV2019|2019-11
11/20/2019|573222|116103|439852|0|0|20896|0|0|0|15775|215007|29695|0|0|0|556315559790.00|0.00|7736267535456.00|10766612406698.00|9317118955343.00|837328|28376314457287.00|0|0|NOV2019|2019-11
11/21/2019|573626|113707|439557|0|0|10166|0|0|0|14977|204637|30991|0|0|0|432115400213.00|0.00|6505749532773.00|10187064188127.00|9910535099234.00|814035|27035464220347.00|0|0|NOV2019|2019-11
11/22/2019|573967|121157|456337|0|0|8135|0|0|0|16181|245174|35620|0|0|0|273907118500.00|0.00|7768697026688.00|11301408624190.00|11227009751627.00|882604|30571022521005.00|0|0|NOV2019|2019-11
11/23/2019|573970|40370|173646|0|0|2566|0|0|0|3336|95608|0|0|0|0|32616506172.00|0.00|316506813315.00|2102409399454.00|0.00|315526|2451532718941.00|0|0|NOV2019|2019-11
11/24/2019|573964|16296|79127|0|0|246|0|0|0|1269|34516|0|0|0|0|5804473644.00|0.00|366366293082.00|876205042447.00|0.00|131454|1248375809173.00|0|0|NOV2019|2019-11
11/25/2019|574362|136471|567379|0|0|9035|0|0|0|18362|266248|40222|0|0|0|422178016398.00|0.00|9942264859798.00|12576095777294.00|14134011178203.00|1037717|37074549831693.00|0|0|NOV2019|2019-11
11/26/2019|574733|125458|501821|0|0|9413|0|0|0|16831|231794|32681|0|0|0|521871999174.00|0.00|7365992227046.00|11599801400241.00|12242417147421.00|917998|31730082773882.00|0|0|NOV2019|2019-11
11/27/2019|575216|122825|471942|0|0|9039|0|0|0|16117|223084|31254|0|0|0|564084291701.00|0.00|7974418561367.00|10350104292853.00|10348448642901.00|874261|29237055788822.00|0|0|NOV2019|2019-11
11/28/2019|575593|129306|478609|0|0|10687|0|0|0|17057|256138|35588|0|0|0|914291748958.00|0.00|8210780026078.00|11286982255306.00|10691059531278.00|927385|31103113561620.00|0|0|NOV2019|2019-11
11/29/2019|575890|152108|543890|0|0|12797|0|0|0|19926|346974|47624|0|0|0|887198838600.00|0.00|8572714861987.00|14274425766669.00|15314730717238.00|1123319|39049070184494.00|0|0|NOV2019|2019-11
11/30/2019|575893|51256|257311|0|0|2660|0|0|0|4834|188998|0|0|0|0|72340171283.00|0.00|420380121232.00|3333782814806.00|0.00|505059|3826503107321.00|0|0|NOV2019|2019-11
12/01/2019|575880|21164|112930|0|0|1013|0|0|0|1994|73220|0|0|0|0|6462271687.00|0.00|325038442520.00|1139615139712.00|0.00|210321|1471115853919.00|0|0|DEC2019|2019-12
12/02/2019|576263|144149|727825|0|0|10325|0|0|0|18380|268201|41570|0|0|0|389319993901.00|0.00|9797643662088.00|13849822193799.00|15803407821452.00|1210450|39840193671240.00|0|0|DEC2019|2019-12
12/03/2019|575543|128647|507515|0|0|13515|0|0|0|16787|244146|32664|0|0|0|323209103428.00|0.00|7367900562768.00|12722358378645.00|12058471560588.00|943274|32471939605429.00|0|0|DEC2019|2019-12
12/04/2019|575993|121064|447942|0|0|16915|0|0|0|15773|223366|30031|0|0|0|329337223395.00|0.00|7475303112824.00|10848902200387.00|9602322522904.00|855091|28255865059510.00|0|0|DEC2019|2019-12
12/05/2019|576412|121298|437672|0|0|21835|0|0|0|15569|243927|33510|0|0|0|355831165956.00|0.00|7875194703601.00|10669146052520.00|11790713666386.00|873811|30690885588463.00|0|0|DEC2019|2019-12
12/06/2019|576796|127797|450199|0|0|27294|0|0|0|16857|266460|37256|0|0|0|486261652332.00|0.00|8595801595718.00|11899096260507.00|11650958685333.00|925863|32632118193890.00|0|0|DEC2019|2019-12
12/07/2019|576800|42504|171572|0|0|5557|0|0|0|3568|105294|0|0|0|0|48501647881.00|0.00|322764825858.00|2189949765670.00|0.00|328495|2561216239409.00|0|0|DEC2019|2019-12
12/08/2019|576793|16939|74116|0|0|1586|0|0|0|1205|35702|0|0|0|0|7604349991.00|0.00|325021740036.00|785654893411.00|0.00|129548|1118280983438.00|0|0|DEC2019|2019-12
12/09/2019|577189|136231|541896|0|0|44506|0|0|0|18386|228508|36973|0|0|0|981680655517.00|0.00|9501002364068.00|12247253750178.00|14095974354844.00|1006500|36825911124607.00|0|0|DEC2019|2019-12
01/01/2020|580044|16391|82783|0|0|247|0|0|0|1563|48593|0|0|0|0|2346415716.00|0.00|340579786816.00|897998138908.00|0.00|149577|1240924341440.00|0|0|JAN2020|2020-01
01/02/2020|580298|92395|504598|0|0|5863|0|0|0|12523|145863|21199|0|0|0|200263281483.00|0.00|7431190873427.00|8010850542721.00|10775402436221.00|782441|26417707133852.00|0|0|JAN2020|2020-01
01/03/2020|580553|108970|441121|0|0|9885|0|0|0|14441|205847|27108|0|0|0|227781413493.00|0.00|8197968246812.00|9885853857355.00|10202497086391.00|807372|28514100604051.00|0|0|JAN2020|2020-01
01/04/2020|580552|42670|176722|0|0|3887|0|0|0|3682|104556|0|0|0|0|27857713080.00|0.00|452717099147.00|2315861493568.00|0.00|331517|2796436305795.00|0|0|JAN2020|2020-01
01/05/2020|580552|17939|84347|0|0|1446|0|0|0|1315|41318|0|0|0|0|5520173844.00|0.00|269729567962.00|977441647232.00|0.00|146365|1252691389038.00|0|0|JAN2020|2020-01
01/06/2020|580973|134224|555094|0|0|18630|0|0|0|17729|234251|35086|0|0|0|336020377911.00|0.00|10716958049008.00|12627929863245.00|16166503547118.00|995014|39847411837282.00|0|0|JAN2020|2020-01
