date|usermb|balance|mutasi|registrasi|aktivasi|payment|login|purchase|transfer|ownacc|otheracc|domesticbank|transferidr|transfersgd|transferusd|paymentidr|purchaseidr|ownaccidr|otheraccidr|domesticbankidr|totaltxn|totalidr|totalsgd|totalusd|bln|mth
12/31/2018|20351571|3796807|647624|0|21094|133130|0|203425|2422266|0|0|0|4.1615208E12|1554|19983|132284501578.00|13198404000.00|0.00|0.00|0.00|7203252|4307003727694.00|1554|19983|DEC2018|2018-12
01/01/2019|20353793|2773123|436187|0|3916|126046|0|166818|1784071|0|0|0|2.2316896E12|0|9463|105925074397.00|11341352500.00|0.00|0.00|0.00|5286245|2348956060802.00|0|9463|JAN2019|2019-01
01/02/2019|20373559|3770027|654142|0|23064|163802|0|193334|2458753|0|0|0|4.672164E12|9200|30034|191375122840.00|12594959000.00|0.00|0.00|0.00|7240058|4876134096473.00|9200|30034|JAN2019|2019-01
01/03/2019|20392700|3765572|663839|0|22926|158479|0|183442|2482648|0|0|0|4.9285604E12|5730|42915|185998418226.00|11825420500.00|0.00|0.00|0.00|7253980|5126384268887.00|5730|42915|JAN2019|2019-01
01/04/2019|20411315|3800267|665887|0|22414|162626|0|181177|2538812|0|0|0|5.1420914E12|14831|112138|180419030930.00|11691644500.00|0.00|0.00|0.00|7348769|5334202074444.00|14831|112138|JAN2019|2019-01
01/05/2019|20414062|3270726|533411|0|4843|137296|0|169376|2298594|0|0|0|4.057402E12|1268|44710|125875902768.00|11021182000.00|0.00|0.00|0.00|6409403|4194299129427.00|1268|44710|JAN2019|2019-01
01/06/2019|20415770|2640289|401565|0|3124|120489|0|154760|1784810|0|0|0|2.4950018E12|268|32449|93379210885.00|10113202500.00|0.00|0.00|0.00|5101913|2598494240590.00|268|32449|JAN2019|2019-01
01/07/2019|20435318|3786380|655166|0|22757|159841|0|181743|2557358|0|0|0|5.491849E12|22425|141464|165014516498.00|11643316000.00|0.00|0.00|0.00|7340488|5668506787203.00|22425|141464|JAN2019|2019-01
01/08/2019|20452728|3623546|624837|0|20997|144533|0|171616|2454976|0|0|0|5.1781536E12|12745|51289|149162417482.00|10887932000.00|0.00|0.00|0.00|7019508|5338203941237.00|12745|51289|JAN2019|2019-01
01/09/2019|20468833|3514895|602333|0|19542|144974|0|174161|2424537|0|0|0|4.929377E12|2250|26018|156465497490.00|11189463000.00|0.00|0.00|0.00|6860900|5097031930382.00|2250|26018|JAN2019|2019-01
01/10/2019|20484022|3679575|633082|0|18474|152102|0|173825|2524335|0|0|0|5.0727738E12|1837|68518|164092096489.00|11221798000.00|0.00|0.00|0.00|7162919|5248087656228.00|1837|68518|JAN2019|2019-01
01/11/2019|20499354|3573438|615807|0|18658|142336|0|183271|2477800|0|0|0|5.0290054E12|718|49783|141106312080.00|11817628500.00|0.00|0.00|0.00|6992652|5181929311531.00|718|49783|JAN2019|2019-01
01/12/2019|20501764|3067227|493047|0|4302|119178|0|164493|2243868|0|0|0|3.9267197E12|0|17367|93769417113.00|10571770500.00|0.00|0.00|0.00|6087813|4031060923535.00|0|17367|JAN2019|2019-01
01/13/2019|20503183|2463780|370482|0|2681|102940|0|148046|1707207|0|0|0|2.3330217E12|0|12002|69462095539.00|9628317500.00|0.00|0.00|0.00|4792455|2412112102060.00|0|12002|JAN2019|2019-01
01/14/2019|20520268|3958835|581696|0|19817|122761|0|160294|2276283|0|0|0|4.6937741E12|7608|22293|126942848897.00|10215968000.00|0.00|0.00|0.00|7099869|4830932897496.00|7608|22293|JAN2019|2019-01
01/15/2019|20536331|3703795|634149|0|19364|129297|0|170284|2439242|0|0|0|5.0883883E12|1395|19871|139939308474.00|10840963500.00|0.00|0.00|0.00|7076767|5239168587440.00|1395|19871|JAN2019|2019-01
01/16/2019|20551083|3488304|592947|0|17806|121577|0|152901|2367753|0|0|0|4.7545425E12|250|19628|130137616177.00|10047166500.00|0.00|0.00|0.00|6723482|4894727284333.00|250|19628|JAN2019|2019-01
01/17/2019|20565701|3354047|562382|0|17653|132372|0|170424|2332198|0|0|0|4.6488814E12|4158|27778|148522927038.00|10949193000.00|0.00|0.00|0.00|6551423|4808353502090.00|4158|27778|JAN2019|2019-01
01/18/2019|20580209|3458113|586477|0|17662|134599|0|170855|2359494|0|0|0|4.7406888E12|3550|16588|166216714837.00|10955429000.00|0.00|0.00|0.00|6709538|4917860953004.00|3550|16588|JAN2019|2019-01
01/19/2019|20582536|3176488|568329|0|4179|134755|0|171013|2246689|0|0|0|3.8226535E12|250|10296|138986409429.00|11311714000.00|0.00|0.00|0.00|6297274|3972951629297.00|250|10296|JAN2019|2019-01
01/20/2019|20584010|2601632|403792|0|2879|146609|0|152562|1767112|0|0|0|2.3607742E12|1020|14486|126497311413.00|10105418500.00|0.00|0.00|0.00|5071707|2497376918080.00|1020|14486|JAN2019|2019-01
01/21/2019|20600363|3563911|614364|0|18937|155137|0|175574|2408218|0|0|0|5.0129323E12|1850|27402|188588767710.00|11331075000.00|0.00|0.00|0.00|6917204|5212852126016.00|1850|27402|JAN2019|2019-01
01/22/2019|20615080|3431808|587382|0|17802|152647|0|171621|2330681|0|0|0|4.7501395E12|1200|20581|181866347628.00|11057081000.00|0.00|0.00|0.00|6674139|4943062879601.00|1200|20581|JAN2019|2019-01
01/23/2019|20629483|3400059|574868|0|17559|117922|0|172768|2317991|0|0|0|4.6111884E12|8720|23794|157695408037.00|11124200500.00|0.00|0.00|0.00|6583608|4780008003647.00|8720|23794|JAN2019|2019-01
01/24/2019|20643699|3481217|573690|0|17381|127143|0|169826|2321099|0|0|0|4.6315344E12|5650|14856|178833823104.00|10909418000.00|0.00|0.00|0.00|6672975|4821277636882.00|5650|14856|JAN2019|2019-01
01/25/2019|20655683|4802239|844278|0|15486|190657|0|195463|2927326|0|0|0|5.566304E12|4814|35840|261756341792.00|12776369500.00|0.00|0.00|0.00|8959963|5840836681346.00|4814|35840|JAN2019|2019-01
01/26/2019|20658823|3792367|646879|0|5363|151588|0|187992|2597682|0|0|0|4.2903182E12|7000|19318|164706766105.00|12332621500.00|0.00|0.00|0.00|7376508|4467357575489.00|7000|19318|JAN2019|2019-01
01/27/2019|20660709|2829941|435772|0|3389|113425|0|164705|1925526|0|0|0|2.564938E12|5050|9364|112658983567.00|10932397000.00|0.00|0.00|0.00|5469369|2688529421780.00|5050|9364|JAN2019|2019-01
01/28/2019|20679989|4673638|786403|0|22671|157718|0|190716|2908893|0|0|0|5.6832252E12|6300|78567|216661370783.00|12360885000.00|0.00|0.00|0.00|8717368|5912247505402.00|6300|78567|JAN2019|2019-01
01/29/2019|20698600|4310414|730760|0|22291|142315|0|184173|2695730|0|0|0|5.3975566E12|1900|33261|190759592621.00|11942332500.00|0.00|0.00|0.00|8063392|5600258475765.00|1900|33261|JAN2019|2019-01
01/30/2019|20715237|4619663|769950|0|20531|140656|0|189002|2746863|0|0|0|5.3799672E12|2650|27692|171430562385.00|12346123500.00|0.00|0.00|0.00|8466134|5563743870935.00|2650|27692|JAN2019|2019-01
01/31/2019|20733063|5763459|1018363|0|22050|171555|0|199502|3245787|0|0|0|6.1422042E12|3570|139064|207763121406.00|13167919500.00|0.00|0.00|0.00|10398666|6363135276510.00|3570|139064|JAN2019|2019-01
02/01/2019|20744114|4675342|898874|0|14670|175471|0|198646|3025106|0|0|0|5.6711796E12|20140|58844|204175555315.00|13291043000.00|0.00|0.00|0.00|8973439|5888646180892.00|20140|58844|FEB2019|2019-02
02/02/2019|20747173|3851803|678578|0|5384|144714|0|195373|2777318|0|0|0|4.6786749E12|6583|24563|149620886571.00|12842300000.00|0.00|0.00|0.00|7647786|4841138089952.00|6583|24563|FEB2019|2019-02
02/03/2019|20749168|3001953|514864|0|3502|125340|0|171251|2063391|0|0|0|2.790276E12|7000|17072|115416047062.00|11292536000.00|0.00|0.00|0.00|5876799|2916984604729.00|7000|17072|FEB2019|2019-02
02/04/2019|20772783|4213684|752880|0|26885|160678|0|191455|2761032|0|0|0|5.3058276E12|8750|39248|190484164557.00|12337345500.00|0.00|0.00|0.00|8079729|5508649120555.00|8750|39248|FEB2019|2019-02
02/05/2019|20775144|3063830|484292|0|4449|129857|0|168698|2039690|0|0|0|2.7836745E12|3200|21692|125168719683.00|11139260500.00|0.00|0.00|0.00|5886367|2919982493287.00|3200|21692|FEB2019|2019-02
02/06/2019|20795129|3953031|689463|0|23256|167047|0|187795|2628670|0|0|0|4.8858401E12|8737|53365|195031513910.00|12125982500.00|0.00|0.00|0.00|7626006|5092997630367.00|8737|53365|FEB2019|2019-02
02/07/2019|20813394|3868324|679319|0|21804|160652|0|187449|2636082|0|0|0|5.0031426E12|3458|39783|184154325992.00|12371541000.00|0.00|0.00|0.00|7531826|5199668484052.00|3458|39783|FEB2019|2019-02
02/08/2019|20830577|3931388|689791|0|20707|146000|0|172876|2644271|0|0|0|5.1376238E12|1470|26033|166313867717.00|11065236500.00|0.00|0.00|0.00|7584326|5315002880860.00|1470|26033|FEB2019|2019-02
02/09/2019|20833310|3310615|540792|0|4745|130665|0|173973|2428756|0|0|0|4.0602821E12|1600|15100|111312141255.00|11215579000.00|0.00|0.00|0.00|6584801|4182809841378.00|1600|15100|FEB2019|2019-02
02/10/2019|20834984|2723119|415846|0|3162|124607|0|156508|1910722|0|0|0|2.5190094E12|7000|9332|97199309655.00|10208776500.00|0.00|0.00|0.00|5330802|2626417510316.00|7000|9332|FEB2019|2019-02
02/11/2019|20853673|3850718|669427|0|21580|158201|0|178188|2655219|0|0|0|5.3962254E12|2925|38991|174008967682.00|11397062500.00|0.00|0.00|0.00|7511753|5581631420841.00|2925|38991|FEB2019|2019-02
02/12/2019|20870950|3693783|639911|0|20557|149665|0|169771|2564596|0|0|0|5.1046706E12|1350|14471|165917658319.00|10807057000.00|0.00|0.00|0.00|7217726|5281395279466.00|1350|14471|FEB2019|2019-02
02/13/2019|20886503|3621860|626089|0|18810|132039|0|170829|2555467|0|0|0|4.9104774E12|750|21583|144276645441.00|10968768000.00|0.00|0.00|0.00|7106284|5065722769935.00|750|21583|FEB2019|2019-02
02/14/2019|20901804|3618392|592349|0|18426|122639|0|174082|2497739|0|0|0|4.7571052E12|2560|14025|132791407745.00|11572402500.00|0.00|0.00|0.00|7005201|4901469008914.00|2560|14025|FEB2019|2019-02
02/15/2019|20916944|3883916|690192|0|18328|132946|0|167354|2608751|0|0|0|5.0645286E12|1350|19943|142846335887.00|10706114500.00|0.00|0.00|0.00|7483159|5218081002636.00|1350|19943|FEB2019|2019-02
02/16/2019|20919595|3321895|613546|0|4517|117945|0|161473|2320811|0|0|0|3.9532735E12|1000|4911|105566399091.00|10379333500.00|0.00|0.00|0.00|6535670|4069219231646.00|1000|4911|FEB2019|2019-02
02/17/2019|20921164|2565992|416626|0|3047|113518|0|143947|1790375|0|0|0|2.3661407E12|0|8460|95649480402.00|9421779000.00|0.00|0.00|0.00|5030458|2471211989248.00|0|8460|FEB2019|2019-02
02/18/2019|20938658|3689081|660422|0|20217|147091|0|169900|2508485|0|0|0|5.1343941E12|1000|17799|168212392520.00|10751582000.00|0.00|0.00|0.00|7174979|5313358025987.00|1000|17799|FEB2019|2019-02
02/19/2019|20955020|3585338|625737|0|19860|164973|0|165476|2487147|0|0|0|5.0402613E12|1500|17749|184983291125.00|10638576500.00|0.00|0.00|0.00|7028671|5235883175075.00|1500|17749|FEB2019|2019-02
02/20/2019|20969855|3681544|635344|0|18254|197409|0|148844|2547788|0|0|0|4.9903771E12|1300|28180|205517951355.00|9553250000.00|0.00|0.00|0.00|7210929|5205448336309.00|1300|28180|FEB2019|2019-02
02/21/2019|20984523|3547325|606646|0|17996|174533|0|173323|2466854|0|0|0|4.8094232E12|4602|23087|184779256386.00|11326100000.00|0.00|0.00|0.00|6968681|5005528559795.00|4602|23087|FEB2019|2019-02
02/22/2019|20999812|3738403|625722|0|18527|156905|0|176932|2597701|0|0|0|5.0294415E12|400|18713|171195717861.00|11560603500.00|0.00|0.00|0.00|7295663|5212197837915.00|400|18713|FEB2019|2019-02
02/23/2019|21002430|3401217|583896|0|4703|138128|0|172183|2479212|0|0|0|4.1766935E12|1084|6829|131120862804.00|11198530500.00|0.00|0.00|0.00|6774636|4319012876971.00|1084|6829|FEB2019|2019-02
02/24/2019|21004149|2697448|404878|0|3133|114878|0|155024|1914915|0|0|0|2.5387735E12|150|8435|102633159848.00|10229969500.00|0.00|0.00|0.00|5287143|2651636600835.00|150|8435|FEB2019|2019-02
02/25/2019|21022957|4560595|774543|0|22004|187381|0|183610|2887179|0|0|0|5.8053323E12|3250|64005|239869474605.00|11877394000.00|0.00|0.00|0.00|8593308|6057079142840.00|3250|64005|FEB2019|2019-02
02/26/2019|21041013|4364911|743147|0|21685|179858|0|178673|2815078|0|0|0|5.6307242E12|2620|80078|234894069718.00|11541245000.00|0.00|0.00|0.00|8281667|5877159511684.00|2620|80078|FEB2019|2019-02
02/27/2019|21058282|4726374|801238|0|21393|183583|0|183407|2920484|0|0|0|5.7351157E12|2257|32814|219338497822.00|11819842500.00|0.00|0.00|0.00|8815086|5966274053784.00|2257|32814|FEB2019|2019-02
02/28/2019|21077672|6623653|1144558|0|24528|244533|0|210525|3754851|0|0|0|6.977076E12|3150|30585|285035173243.00|13735119500.00|0.00|0.00|0.00|11978120|7275846304784.00|3150|30585|FEB2019|2019-02
03/01/2019|21094161|5183986|942387|0|20489|218742|0|203764|3441166|0|0|0|6.2002564E12|5600|32829|230337896540.00|13476040500.00|0.00|0.00|0.00|9990045|6444070351022.00|5600|32829|MAR2019|2019-03
03/02/2019|21097242|3672853|646263|0|5439|158341|0|176705|2699421|0|0|0|4.2837903E12|0|4085|143414946383.00|11702328000.00|0.00|0.00|0.00|7353583|4438907534838.00|0|4085|MAR2019|2019-03
03/03/2019|21099497|3218026|528986|0|4021|146489|0|178322|2326793|0|0|0|2.9464933E12|0|3620|123129772921.00|11837774000.00|0.00|0.00|0.00|6398616|3081460844801.00|0|3620|MAR2019|2019-03
03/04/2019|21121285|4441381|809230|0|25324|206855|0|196235|3094736|0|0|0|5.9551558E12|1000|30395|238317272714.00|12564438000.00|0.00|0.00|0.00|8748437|6206037510270.00|1000|30395|MAR2019|2019-03
03/05/2019|21140150|4358921|778463|0|22630|185430|0|186333|2978150|0|0|0|5.6517532E12|293|31618|206752331081.00|11913313500.00|0.00|0.00|0.00|8487297|5870418805306.00|293|31618|MAR2019|2019-03
03/06/2019|21156901|4040538|713255|0|20556|172777|0|191241|2862218|0|0|0|5.2393697E12|3579|25507|193313871170.00|12331009500.00|0.00|0.00|0.00|7980029|5445014618677.00|3579|25507|MAR2019|2019-03
03/07/2019|21158790|3152607|510957|0|3992|141624|0|160610|2250374|0|0|0|3.2641726E12|1435|10017|113760136950.00|10536369000.00|0.00|0.00|0.00|6216172|3388469134920.00|1435|10017|MAR2019|2019-03
03/08/2019|21178002|4101963|713444|0|22588|159340|0|172124|2804220|0|0|0|5.3693788E12|4410|22499|169306522785.00|11070163000.00|0.00|0.00|0.00|7951091|5549755498877.00|4410|22499|MAR2019|2019-03
03/09/2019|21181035|3413599|556825|0|5197|140786|0|177516|2536884|0|0|0|4.134912E12|3600|12768|112972163889.00|11522338000.00|0.00|0.00|0.00|6825610|4259406518503.00|3600|12768|MAR2019|2019-03
03/10/2019|21182893|2857542|443596|0|3362|131514|0|155401|2030961|0|0|0|2.6092159E12|10|3730|96418596965.00|10156049000.00|0.00|0.00|0.00|5619014|2715790507454.00|10|3730|MAR2019|2019-03
03/11/2019|21201972|4016541|702470|0|22242|173472|0|181547|2770133|0|0|0|5.57455E12|1317|23763|176825472856.00|11522347500.00|0.00|0.00|0.00|7844163|5762897792268.00|1317|23763|MAR2019|2019-03
03/12/2019|21219372|3844965|663734|0|20874|158429|0|176915|2637123|0|0|0|5.2630051E12|8232|27689|163314399880.00|11483160500.00|0.00|0.00|0.00|7481166|5437802613084.00|8232|27689|MAR2019|2019-03
03/13/2019|21235820|3787323|663485|0|20037|141592|0|174578|2633795|0|0|0|5.0727435E12|1920|23547|147057234470.00|11194606000.00|0.00|0.00|0.00|7400773|5230995374981.00|1920|23547|MAR2019|2019-03
03/14/2019|21251525|3797757|684074|0|19371|138849|0|175845|2554101|0|0|0|4.8848195E12|500|22514|132995554233.00|11512131000.00|0.00|0.00|0.00|7350626|5029327187243.00|500|22514|MAR2019|2019-03
03/15/2019|21267682|4030711|733480|0|19576|134942|0|172873|2683029|0|0|0|5.2473199E12|7802|19796|127184538674.00|11066142500.00|0.00|0.00|0.00|7755035|5385570534192.00|7802|19796|MAR2019|2019-03
03/16/2019|21270629|3515723|641432|0|5065|120276|0|165027|2470287|0|0|0|4.0889068E12|500|18021|96191481894.00|10685604000.00|0.00|0.00|0.00|6912745|4195783901402.00|500|18021|MAR2019|2019-03
03/17/2019|21272723|2800003|452131|0|3593|113403|0|149161|1935637|0|0|0|2.4948189E12|400|3835|79697467275.00|9726504500.00|0.00|0.00|0.00|5450335|2584242899448.00|400|3835|MAR2019|2019-03
03/18/2019|21290861|3908158|697442|0|21021|151564|0|174622|2622883|0|0|0|5.2393082E12|1000|15660|163219587569.00|11055501000.00|0.00|0.00|0.00|7554669|5413583337503.00|1000|15660|MAR2019|2019-03
03/19/2019|21307677|3768109|664632|0|20224|166938|0|168438|2570989|0|0|0|5.0737781E12|6557|18625|173115951751.00|10772130000.00|0.00|0.00|0.00|7339106|5257666150173.00|6557|18625|MAR2019|2019-03
03/20/2019|21323446|3847929|665702|0|19232|200854|0|171386|2653506|0|0|0|5.0165768E12|5636|24924|192973461009.00|11050856000.00|0.00|0.00|0.00|7539377|5220601160822.00|5636|24924|MAR2019|2019-03
03/21/2019|21263867|3737894|665909|0|18824|163760|0|175253|2540050|0|0|0|4.8518062E12|10400|46421|157950711541.00|11537400500.00|0.00|0.00|0.00|7282866|5021294319982.00|10400|46421|MAR2019|2019-03
03/22/2019|21279522|3876710|660314|0|19169|164124|0|178181|2607594|0|0|0|5.0296031E12|2200|29960|149047147709.00|11595373500.00|0.00|0.00|0.00|7486923|5190245662509.00|2200|29960|MAR2019|2019-03
03/23/2019|16587234|3577331|612119|0|4930|139431|0|174189|2555330|0|0|0|4.164425E12|4680|13299|122001638474.00|11376433500.00|0.00|0.00|0.00|7058400|4297803040105.00|4680|13299|MAR2019|2019-03
03/24/2019|16589204|2749925|420189|0|3544|118294|0|153964|1945756|0|0|0|2.5041634E12|350|10803|86554048702.00|10199010500.00|0.00|0.00|0.00|5388128|2600916490409.00|350|10803|MAR2019|2019-03
03/25/2019|16608486|4623540|804340|0|22221|189442|0|188492|3002948|0|0|0|5.8975539E12|269|56129|235122745988.00|12211085500.00|0.00|0.00|0.00|8808762|6144887755105.00|269|56129|MAR2019|2019-03
03/26/2019|16626797|4261210|747283|0|21861|176709|0|185768|2882947|0|0|0|5.5157406E12|900|23621|215414810788.00|12126578500.00|0.00|0.00|0.00|8253917|5743281948307.00|900|23621|MAR2019|2019-03
03/27/2019|16643944|4395142|765031|0|20949|164349|0|188999|3042485|0|0|0|5.5044979E12|7342|24038|183356059711.00|12327283000.00|0.00|0.00|0.00|8556006|5700181243425.00|7342|24038|MAR2019|2019-03
03/28/2019|16662237|5105514|898271|0|22538|178033|0|193582|3158559|0|0|0|5.6582349E12|1007|29522|197300229853.00|12710453500.00|0.00|0.00|0.00|9533959|5868245554136.00|1007|29522|MAR2019|2019-03
03/29/2019|16681779|5372516|978618|0|23907|180467|0|209107|3554941|0|0|0|6.3807798E12|1150|23633|195630082966.00|13690430000.00|0.00|0.00|0.00|10295649|6590100313066.00|1150|23633|MAR2019|2019-03
03/30/2019|16685330|4247820|743887|0|6235|151175|0|195971|3085858|0|0|0|4.9660766E12|0|11362|126692798246.00|12907438500.00|0.00|0.00|0.00|8424711|5105676825153.00|0|11362|MAR2019|2019-03
03/31/2019|16687651|3803818|588438|0|4125|134436|0|177496|2485142|0|0|0|3.1244748E12|2483|4749|99053108307.00|11794988000.00|0.00|0.00|0.00|7189330|3235322873192.00|2483|4749|MAR2019|2019-03
04/01/2019|16709206|5151676|940921|0|24869|215943|0|206945|3492081|0|0|0|6.6940074E12|500|37210|236772485404.00|13549224000.00|0.00|0.00|0.00|10007566|6944329110357.00|500|37210|APR2019|2019-04
04/02/2019|16730355|4624878|839828|0|24709|180149|0|195487|3189906|0|0|0|6.0476262E12|5050|29432|213144273046.00|12664277000.00|0.00|0.00|0.00|9030248|6273434760434.00|5050|29432|APR2019|2019-04
04/03/2019|16732638|3519440|599680|0|4583|158135|0|173585|2547793|0|0|0|3.76649E12|0|20715|143184278983.00|11499463000.00|0.00|0.00|0.00|6998633|3921173757578.00|0|20715|APR2019|2019-04
04/04/2019|16752444|4278321|768705|0|22899|182588|0|188186|3019189|0|0|0|5.7586624E12|6669|46602|191968633529.00|12139983500.00|0.00|0.00|0.00|8436989|5962770995268.00|6669|46602|APR2019|2019-04
04/05/2019|16771433|4504026|801069|0|22511|176229|0|175597|3075652|0|0|0|5.8765068E12|14907|76066|177640657826.00|11297774500.00|0.00|0.00|0.00|8732573|6065445220539.00|14907|76066|APR2019|2019-04
04/06/2019|16774517|3699002|628394|0|5278|153749|0|179298|2777873|0|0|0|4.576884E12|1575|8716|121632220873.00|11602260000.00|0.00|0.00|0.00|7438316|4710118528036.00|1575|8716|APR2019|2019-04
04/07/2019|16776379|2977813|476036|0|3360|135107|0|160861|2156666|0|0|0|2.8028409E12|50|16200|90499380503.00|10613345500.00|0.00|0.00|0.00|5906483|2903953606995.00|50|16200|APR2019|2019-04
04/08/2019|16796765|4257401|760212|0|23217|168622|0|182593|3044908|0|0|0|5.9476977E12|2910|25904|168533972762.00|11661151000.00|0.00|0.00|0.00|8413736|6127892843633.00|2910|25904|APR2019|2019-04
04/09/2019|16815099|4067978|712476|0|21655|165381|0|177611|2893270|0|0|0|5.6039633E12|3000|28896|168755436405.00|11377845500.00|0.00|0.00|0.00|8016716|5784096545407.00|3000|28896|APR2019|2019-04
04/10/2019|16831879|4169911|732709|0|20033|169802|0|182636|2950756|0|0|0|5.601549E12|4750|24509|159534856041.00|11710011500.00|0.00|0.00|0.00|8205814|5772793856133.00|4750|24509|APR2019|2019-04
04/11/2019|16848153|3917520|688641|0|19490|162664|0|178560|2811809|0|0|0|5.2623582E12|2000|35319|142707872499.00|11530473000.00|0.00|0.00|0.00|7759194|5416596592348.00|2000|35319|APR2019|2019-04
04/12/2019|16864443|3957842|701192|0|19282|147947|0|178332|2828321|0|0|0|5.3411529E12|18710|81511|125483481455.00|11466548000.00|0.00|0.00|0.00|7813634|5478102917991.00|18710|81511|APR2019|2019-04
04/13/2019|16867165|3434139|573180|0|4684|125384|0|166189|2598088|0|0|0|4.3018517E12|1000|44858|88847484806.00|10791018500.00|0.00|0.00|0.00|6896980|4401490197755.00|1000|44858|APR2019|2019-04
04/14/2019|16869026|2892757|453732|0|3262|121717|0|177580|2008550|0|0|0|2.6223132E12|1000|22401|72598345434.00|11826138500.00|0.00|0.00|0.00|5654336|2706737662662.00|1000|22401|APR2019|2019-04
04/15/2019|16886544|4232973|742289|0|20044|144488|0|176684|2937236|0|0|0|5.9398547E12|7813|65276|145259185380.00|11190601500.00|0.00|0.00|0.00|8233670|6096304527002.00|7813|65276|APR2019|2019-04
04/16/2019|16904168|4110900|701335|0|20595|143310|0|175796|2943128|0|0|0|5.4748563E12|5550|49438|140897715573.00|11206352000.00|0.00|0.00|0.00|8074469|5626960390267.00|5550|49438|APR2019|2019-04
04/17/2019|16905771|2705598|410714|0|3226|118406|0|153021|2068990|0|0|0|2.4013212E12|1500|14952|88242413423.00|10345490000.00|0.00|0.00|0.00|5456729|2499909088313.00|1500|14952|APR2019|2019-04
04/18/2019|16925774|3790571|670938|0|22686|158542|0|175332|2655306|0|0|0|5.0584015E12|9590|63511|164381382048.00|11450781000.00|0.00|0.00|0.00|7450689|5234233707700.00|9590|63511|APR2019|2019-04
04/19/2019|16927725|3166577|582519|0|3773|148899|0|156493|2186070|0|0|0|3.2516087E12|300|12368|127339113723.00|10394079500.00|0.00|0.00|0.00|6240558|3389341871917.00|300|12368|APR2019|2019-04
04/20/2019|16930062|3400887|563848|0|3836|179954|0|162134|2469882|0|0|0|3.9815436E12|3267|9917|145710991667.00|10549016000.00|0.00|0.00|0.00|6776705|4137803609245.00|3267|9917|APR2019|2019-04
04/21/2019|16931425|2861762|439647|0|2574|173338|0|151112|1987455|0|0|0|2.5464452E12|1521|13001|111046758222.00|10052054000.00|0.00|0.00|0.00|5613314|2667544019877.00|1521|13001|APR2019|2019-04
04/22/2019|16951214|4166544|718377|0|22210|165982|0|180908|2796808|0|0|0|5.7561685E12|500|41966|178520473563.00|11637657000.00|0.00|0.00|0.00|8028619|5946326676543.00|500|41966|APR2019|2019-04
04/23/2019|16970017|4047533|680766|0|21817|151484|0|174261|2762259|0|0|0|5.5460608E12|5349|32085|167247328650.00|11253187500.00|0.00|0.00|0.00|7816303|5724561320105.00|5349|32085|APR2019|2019-04
04/24/2019|16986344|4029763|660001|0|19457|147892|0|178282|2777961|0|0|0|5.2856059E12|5318|25710|171575848303.00|11571781000.00|0.00|0.00|0.00|7793899|5468753505947.00|5318|25710|APR2019|2019-04
04/25/2019|17004300|5223908|916162|0|21595|217627|0|197029|3473309|0|0|0|6.4685908E12|11967|43416|274460576812.00|12941904500.00|0.00|0.00|0.00|10028035|6755993327131.00|11967|43416|APR2019|2019-04
04/26/2019|17023455|5231137|917019|0|23091|206037|0|203014|3464547|0|0|0|6.21958E12|6180|29481|241844112583.00|13322198500.00|0.00|0.00|0.00|10021754|6474746357194.00|6180|29481|APR2019|2019-04
04/27/2019|17027168|4282917|726148|0|6244|164969|0|193785|3089303|0|0|0|4.9350656E12|3000|10131|153453698318.00|12659574000.00|0.00|0.00|0.00|8457122|5101178868314.00|3000|10131|APR2019|2019-04
04/28/2019|17029369|3378658|524893|0|3791|131621|0|168220|2381000|0|0|0|3.0554136E12|0|11956|106267638435.00|11228504500.00|0.00|0.00|0.00|6584392|3172909753103.00|0|11956|APR2019|2019-04
04/29/2019|17049220|5628069|959096|0|22778|171934|0|207099|3249658|0|0|0|6.4390107E12|0|23083|194227844552.00|13201134000.00|0.00|0.00|0.00|10215856|6646439639057.00|0|23083|APR2019|2019-04
04/30/2019|17072318|6760186|1148681|0|28048|218773|0|216511|3993849|0|0|0|7.5250672E12|2280|18924|246095634856.00|13996601500.00|0.00|0.00|0.00|12338000|7785159468361.00|2280|18924|APR2019|2019-04
05/01/2019|17075932|4510136|763797|0|6405|197083|0|197124|3152377|0|0|0|4.8072074E12|1000|10602|170760245119.00|13253122500.00|0.00|0.00|0.00|8820517|4991220797984.00|1000|10602|MAY2019|2019-05
05/02/2019|17097876|5167742|933932|0|25399|209544|0|208912|3589276|0|0|0|6.7452912E12|6418|36800|230857547186.00|13501552000.00|0.00|0.00|0.00|10109406|6989650316739.00|6418|36800|MAY2019|2019-05
05/03/2019|17104752|5168912|908116|0|9907|195123|0|199971|3446755|0|0|0|6.5300369E12|5480|25118|213445638015.00|12871173000.00|0.00|0.00|0.00|9918877|6756353707510.00|5480|25118|MAY2019|2019-05
05/04/2019|17109058|4209894|724109|0|6173|172903|0|188232|3124821|0|0|0|5.2380115E12|200|10725|154336956357.00|12150120000.00|0.00|0.00|0.00|8419959|5404498583806.00|200|10725|MAY2019|2019-05
05/05/2019|17112027|3500078|569423|0|4430|159847|0|166930|2529916|0|0|0|3.40343E12|2150|14276|130822214605.00|10910115500.00|0.00|0.00|0.00|6926194|3545162356794.00|2150|14276|MAY2019|2019-05
05/06/2019|17136973|4457858|804990|0|27860|195463|0|174458|3074998|0|0|0|6.0771557E12|3361|36886|218082239152.00|11317386000.00|0.00|0.00|0.00|8707767|6306555369480.00|3361|36886|MAY2019|2019-05
05/07/2019|17159454|4401743|790776|0|25840|195900|0|175957|3081079|0|0|0|6.0292413E12|520|19807|208425246718.00|11348633000.00|0.00|0.00|0.00|8645455|6249015160156.00|520|19807|MAY2019|2019-05
05/08/2019|17179035|4303531|768601|0|23012|169702|0|177708|3121292|0|0|0|5.8691648E12|6618|26251|165374354966.00|11422552000.00|0.00|0.00|0.00|8540834|6045961688580.00|6618|26251|MAY2019|2019-05
05/09/2019|17197702|4208239|746108|0|22040|170062|0|176734|3050289|0|0|0|5.5939371E12|560|31863|164793232515.00|11539400000.00|0.00|0.00|0.00|8351432|5770269765909.00|560|31863|MAY2019|2019-05
05/10/2019|17216332|4517767|813885|0|22116|173235|0|179073|3202926|0|0|0|5.9651988E12|898|24189|158958368736.00|11517510000.00|0.00|0.00|0.00|8886886|6135674719289.00|898|24189|MAY2019|2019-05
05/11/2019|17219971|3900443|663760|0|5817|155501|0|169989|2973421|0|0|0|4.8476105E12|1000|6882|119269478238.00|11075489500.00|0.00|0.00|0.00|7863114|4977955463084.00|1000|6882|MAY2019|2019-05
05/12/2019|17222378|3247243|517879|0|4047|134429|0|154560|2393170|0|0|0|3.1021356E12|0|9998|88502422112.00|10237162000.00|0.00|0.00|0.00|6447281|3200875198830.00|0|9998|MAY2019|2019-05
05/13/2019|17243626|4410160|781308|0|24023|157770|0|179685|3201059|0|0|0|6.1583275E12|2016|43700|148999712484.00|11504349500.00|0.00|0.00|0.00|8729982|6318831604087.00|2016|43700|MAY2019|2019-05
05/14/2019|17263578|4350478|751465|0|23242|154306|0|175149|3148293|0|0|0|5.8522859E12|97|35375|142625282089.00|11212076000.00|0.00|0.00|0.00|8579691|6006123245959.00|97|35375|MAY2019|2019-05
05/15/2019|17281922|4665392|832499|0|21717|154411|0|173715|3246867|0|0|0|5.8688317E12|7|16301|142146741337.00|11182343500.00|0.00|0.00|0.00|9072884|6022160805459.00|7|16301|MAY2019|2019-05
05/16/2019|17300436|4501602|776598|0|21756|149942|0|179313|3211002|0|0|0|5.6615523E12|16455|28574|137485358134.00|11414684500.00|0.00|0.00|0.00|8818457|5810452329570.00|16455|28574|MAY2019|2019-05
05/17/2019|17319039|4989001|927578|0|22097|157313|0|186784|3597451|0|0|0|6.4225094E12|10232|36281|158809003258.00|12248066000.00|0.00|0.00|0.00|9858127|6593566464558.00|10232|36281|MAY2019|2019-05
05/18/2019|17322760|4332055|829829|0|5941|150898|0|174726|3078576|0|0|0|4.959511E12|2344|8431|129230044022.00|11349287500.00|0.00|0.00|0.00|8566084|5100090345193.00|2344|8431|MAY2019|2019-05
05/19/2019|17324868|3548305|579261|0|3702|144811|0|156661|2474745|0|0|0|3.2202782E12|1250|6045|108211893327.00|10355311500.00|0.00|0.00|0.00|6903783|3338845443303.00|1250|6045|MAY2019|2019-05
05/20/2019|17346261|5219789|891817|0|24433|228082|0|185039|3342728|0|0|0|6.4887186E12|2750|17434|227774098834.00|11835460000.00|0.00|0.00|0.00|9867455|6728328206684.00|2750|17434|MAY2019|2019-05
05/21/2019|17366037|5281064|875381|0|23489|218297|0|185653|3278876|0|0|0|6.1957946E12|8000|33829|218149738969.00|12011229500.00|0.00|0.00|0.00|9839271|6425955583308.00|8000|33829|MAY2019|2019-05
05/22/2019|17385603|5754431|1055630|0|23352|200936|0|263357|3028858|0|0|0|5.4885274E12|7779|28475|192313543318.00|16573862000.00|0.00|0.00|0.00|10303212|5697414805983.00|7779|28475|MAY2019|2019-05
05/23/2019|17405445|6029192|1144316|0|24200|169078|0|185357|3504481|0|0|0|6.284711E12|4000|30959|187003077404.00|11659252500.00|0.00|0.00|0.00|11032424|6483373316581.00|4000|30959|MAY2019|2019-05
05/24/2019|17425816|7522247|1501773|0|24781|212689|0|198299|4174464|0|0|0|7.476495E12|840|19412|273004704051.00|12520239000.00|0.00|0.00|0.00|13609472|7762019933728.00|840|19412|MAY2019|2019-05
05/25/2019|17430268|5800003|1067153|0|7079|184908|0|190482|3644335|0|0|0|6.0038786E12|2190|9400|196784991263.00|12271145000.00|0.00|0.00|0.00|10886881|6212934753965.00|2190|9400|MAY2019|2019-05
05/26/2019|17433332|4271198|719321|0|4879|149054|0|175953|2860168|0|0|0|3.8622992E12|2326|11592|134590797847.00|11644735500.00|0.00|0.00|0.00|8175694|4008534722373.00|2326|11592|MAY2019|2019-05
05/27/2019|17456407|6356022|1142534|0|26645|186359|0|210677|3903925|0|0|0|7.6827675E12|10885|28272|232922853489.00|13508882000.00|0.00|0.00|0.00|11799517|7929199189989.00|10885|28272|MAY2019|2019-05
05/28/2019|17478991|7553880|1336201|0|27481|203663|0|215419|4041102|0|0|0|7.8622547E12|6708|33962|255459061963.00|14099817500.00|0.00|0.00|0.00|13350265|8131813603295.00|6708|33962|MAY2019|2019-05
05/29/2019|17501311|7244284|1395571|0|27133|201072|0|229406|4278587|0|0|0|8.2010098E12|8714|18394|235686915441.00|14919186000.00|0.00|0.00|0.00|13348920|8451615938702.00|8714|18394|MAY2019|2019-05
05/30/2019|17505020|5195946|927201|0|6316|166154|0|207750|3345117|0|0|0|5.4080359E12|950|11146|147103605383.00|13750441000.00|0.00|0.00|0.00|9842168|5568889936767.00|950|11146|MAY2019|2019-05
05/31/2019|17529883|6024920|1125145|0|28569|190047|0|227483|3759929|0|0|0|7.1334552E12|5700|61716|198444365195.00|14968368500.00|0.00|0.00|0.00|11327524|7346867968448.00|5700|61716|MAY2019|2019-05
06/01/2019|17533167|4996016|559250|0|5588|191829|0|211932|3169693|0|0|0|5.1562973E12|8550|12046|162078430768.00|14277907000.00|0.00|0.00|0.00|9128720|5332653676133.00|8550|12046|JUN2019|2019-06
06/02/2019|17535880|4074750|692943|0|4274|151618|0|194678|2562690|0|0|0|3.5741242E12|1437|17625|119730620505.00|13196816500.00|0.00|0.00|0.00|7676679|3707051674485.00|1437|17625|JUN2019|2019-06
06/03/2019|17544275|4198726|692900|0|10179|173288|0|204547|2688166|0|0|0|4.0986108E12|4120|7973|150920306114.00|13638875000.00|0.00|0.00|0.00|7957627|4263169962360.00|4120|7973|JUN2019|2019-06
06/04/2019|17546241|3588531|549012|0|3122|162216|0|209020|2286419|0|0|0|2.983336E12|150|4320|145185449929.00|13876526000.00|0.00|0.00|0.00|6795198|3142398004103.00|150|4320|JUN2019|2019-06
06/05/2019|17547324|2217688|317536|0|1736|141307|0|206577|1411165|0|0|0|1.433137E12|0|670|114786596078.00|13555368500.00|0.00|0.00|0.00|4294273|1561479000786.00|0|670|JUN2019|2019-06
06/06/2019|17548605|2326702|330347|0|2026|125537|0|186270|1507796|0|0|0|1.4706298E12|600|320|95003698438.00|12474448000.00|0.00|0.00|0.00|4476652|1578107973716.00|600|320|JUN2019|2019-06
06/07/2019|17550086|2542177|367686|0|2169|140556|0|180910|1693077|0|0|0|1.7877652E12|320|0|108161818687.00|12058455500.00|0.00|0.00|0.00|4924406|1907985434853.00|320|0|JUN2019|2019-06
06/08/2019|17552176|2638551|376795|0|2899|138030|0|178430|1827422|0|0|0|1.8954311E12|1800|0|108181568562.00|11722100000.00|0.00|0.00|0.00|5159228|2015334808237.00|1800|0|JUN2019|2019-06
06/09/2019|17554076|2703221|393218|0|2693|144682|0|171554|1873086|0|0|0|1.9612637E12|1100|0|102893043230.00|11260738500.00|0.00|0.00|0.00|5285761|2075417492684.00|1100|0|JUN2019|2019-06
06/10/2019|17579392|4110228|684897|0|27763|207475|0|194718|2712606|0|0|0|4.4804734E12|50|50613|207954386886.00|12494821000.00|0.00|0.00|0.00|7909924|4700922589576.00|50|50613|JUN2019|2019-06
06/11/2019|17604084|3968897|665707|0|27990|192745|0|185228|2734705|0|0|0|4.5373178E12|3600|29915|185179776829.00|11919990500.00|0.00|0.00|0.00|7747282|4734417523681.00|3600|29915|JUN2019|2019-06
06/12/2019|17625197|3936428|666832|0|24543|180219|0|189129|2756921|0|0|0|4.5477373E12|113|31047|163426039898.00|12416541000.00|0.00|0.00|0.00|7729529|4723579895866.00|113|31047|JUN2019|2019-06
06/13/2019|17645832|3943429|664082|0|24109|163708|0|183284|2804004|0|0|0|4.7436489E12|0|28485|145892477126.00|11801030500.00|0.00|0.00|0.00|7758507|4901342405151.00|0|28485|JUN2019|2019-06
06/14/2019|17665418|4115430|681280|0|22974|161356|0|183350|2906773|0|0|0|4.9275071E12|485|14834|146034639894.00|11866632500.00|0.00|0.00|0.00|8048189|5085408325708.00|485|14834|JUN2019|2019-06
06/15/2019|17668788|3665047|573454|0|5497|144317|0|173402|2735571|0|0|0|3.9332081E12|0|10188|106729207192.00|11262268000.00|0.00|0.00|0.00|7291791|4051199564993.00|0|10188|JUN2019|2019-06
06/16/2019|17671040|3025360|458300|0|3690|124375|0|157635|2253310|0|0|0|2.6093222E12|0|5466|83688466600.00|10472474000.00|0.00|0.00|0.00|6018980|2703483109001.00|0|5466|JUN2019|2019-06
06/17/2019|17692362|4288457|725641|0|24117|168226|0|189412|3045911|0|0|0|5.65853E12|220|22200|162091461558.00|12150534000.00|0.00|0.00|0.00|8417647|5832771966455.00|220|22200|JUN2019|2019-06
06/18/2019|17711373|4201675|712682|0|22095|171623|0|166961|3031950|0|0|0|5.4773051E12|4637|40895|165264000553.00|10737691500.00|0.00|0.00|0.00|8284891|5653306765290.00|4637|40895|JUN2019|2019-06
06/19/2019|17730037|4110902|690241|0|21839|186185|0|190740|3039962|0|0|0|5.2752477E12|2600|42787|183081621385.00|12496960000.00|0.00|0.00|0.00|8218030|5470826265051.00|2600|42787|JUN2019|2019-06
06/20/2019|17747847|4245495|710145|0|20900|224801|0|184515|3024491|0|0|0|5.3395465E12|1289|67150|215056841068.00|12012966000.00|0.00|0.00|0.00|8389447|5566616264685.00|1289|67150|JUN2019|2019-06
06/21/2019|17765990|4282453|743203|0|21397|203382|0|190732|3060940|0|0|0|5.386124E12|1877|93400|202995374676.00|12483411000.00|0.00|0.00|0.00|8480710|5601602753994.00|1877|93400|JUN2019|2019-06
06/22/2019|17769445|3868912|677709|0|5537|141937|0|177776|2786628|0|0|0|4.1054717E12|1500|8770|141682535568.00|11562313000.00|0.00|0.00|0.00|7652962|4258716579660.00|1500|8770|JUN2019|2019-06
06/23/2019|17771823|3179395|495370|0|3841|120926|0|158472|2315303|0|0|0|2.6879159E12|0|17483|99024949797.00|10513795000.00|0.00|0.00|0.00|6269466|2797454610860.00|0|17483|JUN2019|2019-06
06/24/2019|17793299|4481865|753022|0|24330|159062|0|188257|3061764|0|0|0|5.7302454E12|6800|51004|192706332539.00|12132036000.00|0.00|0.00|0.00|8643970|5935083784706.00|6800|51004|JUN2019|2019-06
06/25/2019|17813986|5665565|999688|0|24247|229231|0|204236|3622835|0|0|0|6.389888E12|320|61962|284511692803.00|13305856000.00|0.00|0.00|0.00|10721555|6687705535734.00|320|61962|JUN2019|2019-06
06/26/2019|17834277|4970268|856659|0|23785|190392|0|199195|3618335|0|0|0|6.1925761E12|7115|26985|237447533884.00|13033300500.00|0.00|0.00|0.00|9834849|6443056945890.00|7115|26985|JUN2019|2019-06
06/27/2019|17853780|5117142|874707|0|23520|184538|0|197030|3477118|0|0|0|5.9745446E12|20|31310|218937955587.00|12989714500.00|0.00|0.00|0.00|9850535|6206472228760.00|20|31310|JUN2019|2019-06
06/28/2019|17875611|6882020|1239197|0|26497|233243|0|220585|4246170|0|0|0|7.1153395E12|4450|52109|277328493355.00|14556700500.00|0.00|0.00|0.00|12821215|7407224715077.00|4450|52109|JUN2019|2019-06
06/29/2019|17879196|5147291|909327|0|6316|172997|0|206035|3629621|0|0|0|5.371007E12|268|18845|158016531589.00|13586956500.00|0.00|0.00|0.00|10065271|5542610462911.00|268|18845|JUN2019|2019-06
06/30/2019|17882510|4093277|687216|0|5193|162604|0|184029|2959204|0|0|0|3.5658664E12|1227|22410|129252668759.00|12300582500.00|0.00|0.00|0.00|8086330|3707419700134.00|1227|22410|JUN2019|2019-06
07/01/2019|17906859|6153249|1132099|0|27886|237578|0|218927|3960908|0|0|0|7.2153655E12|9042|47187|267246012721.00|14390762500.00|0.00|0.00|0.00|11702761|7497002273491.00|9042|47187|JUL2019|2019-07
07/02/2019|17931226|5478613|978768|0|28315|224270|0|208691|3822227|0|0|0|6.7718109E12|4660|31840|257545649067.00|13532615000.00|0.00|0.00|0.00|10712569|7042889173212.00|4660|31840|JUL2019|2019-07
07/03/2019|17953942|5076316|912137|0|26580|215590|0|211158|3595464|0|0|0|6.1622161E12|4078|48606|220977299877.00|13841011500.00|0.00|0.00|0.00|10010665|6397034409647.00|4078|48606|JUL2019|2019-07
07/04/2019|17974779|4902484|851624|0|24611|186818|0|194335|3242763|0|0|0|5.8739381E12|2423|36291|202420339761.00|12680842000.00|0.00|0.00|0.00|9378024|6089039233602.00|2423|36291|JUL2019|2019-07
07/05/2019|17995248|5095659|906168|0|24347|200676|0|196344|3610930|0|0|0|6.2109522E12|12030|57875|200844873342.00|12762010000.00|0.00|0.00|0.00|10009777|6424559099505.00|12030|57875|JUL2019|2019-07
07/06/2019|17998955|4201458|698875|0|6108|175237|0|186676|3206459|0|0|0|4.7911324E12|4750|60201|143907492715.00|12164716500.00|0.00|0.00|0.00|8468705|4947204587402.00|4750|60201|JUL2019|2019-07
07/07/2019|18001583|3555743|562304|0|4310|147972|0|164865|2695954|0|0|0|3.0238604E12|10900|47456|100428584668.00|10929431000.00|0.00|0.00|0.00|7126838|3135218418233.00|10900|47456|JUL2019|2019-07
07/08/2019|18024963|4799905|835796|0|26529|185467|0|193536|3428881|0|0|0|6.2445973E12|11910|50092|183967150359.00|12339729000.00|0.00|0.00|0.00|9443585|6440904145856.00|11910|50092|JUL2019|2019-07
07/09/2019|18046402|4650140|801386|0|25029|179751|0|194008|3286768|0|0|0|5.9098549E12|12980|32772|183524127133.00|12782350500.00|0.00|0.00|0.00|9112053|6106161384499.00|12980|32772|JUL2019|2019-07
07/10/2019|18066140|4742264|830327|0|23312|189482|0|191200|3397741|0|0|0|5.8781153E12|6027|28506|173845617361.00|12286143000.00|0.00|0.00|0.00|9351014|6064247042047.00|6027|28506|JUL2019|2019-07
07/11/2019|18085931|4518993|778377|0|23340|173766|0|188700|3268772|0|0|0|5.7114078E12|6570|70131|161898936857.00|12264841000.00|0.00|0.00|0.00|8928608|5885571603933.00|6570|70131|JUL2019|2019-07
07/12/2019|18105091|4599732|783566|0|22452|157398|0|187284|3334879|0|0|0|5.8232792E12|9275|57607|144411006256.00|12166805500.00|0.00|0.00|0.00|9062859|5979857012897.00|9275|57607|JUL2019|2019-07
07/13/2019|18108792|4108490|673669|0|5990|133135|0|177266|3093546|0|0|0|4.7114156E12|570|38208|104901107724.00|11494419000.00|0.00|0.00|0.00|8186106|4827811100647.00|570|38208|JUL2019|2019-07
07/14/2019|18111266|3413744|525006|0|4045|119109|0|160108|2492218|0|0|0|2.9728644E12|7495|22165|78175807539.00|10548519500.00|0.00|0.00|0.00|6710185|3061588736504.00|7495|22165|JUL2019|2019-07
07/15/2019|18133557|4835348|830877|0|25271|159629|0|190350|3365077|0|0|0|6.3717128E12|18454|130828|154619741990.00|12185064000.00|0.00|0.00|0.00|9381281|6538517586549.00|18454|130828|JUL2019|2019-07
07/16/2019|18153653|4598207|780310|0|23398|160880|0|183279|3236483|0|0|0|5.9487139E12|10260|65660|154549184706.00|11723565500.00|0.00|0.00|0.00|8959159|6114986675270.00|10260|65660|JUL2019|2019-07
07/17/2019|18172194|4489485|759573|0|21695|171846|0|194758|3233074|0|0|0|5.7253221E12|1539|47065|165976668686.00|12989145000.00|0.00|0.00|0.00|8848736|5904287957298.00|1539|47065|JUL2019|2019-07
07/18/2019|18190206|4443100|754517|0|21420|165513|0|176348|3210079|0|0|0|5.6736344E12|4450|38291|160926740988.00|11523290000.00|0.00|0.00|0.00|8749557|5846084425495.00|4450|38291|JUL2019|2019-07
07/19/2019|18208352|4600042|806635|0|21457|180339|0|179772|3291778|0|0|0|5.7887403E12|2780|79778|180322383581.00|11769930000.00|0.00|0.00|0.00|9058566|5980832620285.00|2780|79778|JUL2019|2019-07
07/20/2019|18212049|4558409|823049|0|5992|201640|0|174841|3182168|0|0|0|4.7986592E12|2050|14078|154407297697.00|11477280000.00|0.00|0.00|0.00|8940107|4964543754049.00|2050|14078|JUL2019|2019-07
07/21/2019|18214736|3531779|565769|0|4331|180509|0|158811|2488848|0|0|0|2.9215088E12|2568|16641|117281321851.00|10640383500.00|0.00|0.00|0.00|6925716|3049430537776.00|2568|16641|JUL2019|2019-07
07/22/2019|18237135|4698918|817770|0|25261|175941|0|184480|3273421|0|0|0|6.1510092E12|2650|18831|182984742758.00|11873016500.00|0.00|0.00|0.00|9150530|6345866973121.00|2650|18831|JUL2019|2019-07
07/23/2019|18257149|4483412|765353|0|23248|154396|0|172388|3171161|0|0|0|5.8051459E12|5249|32691|174926828410.00|11114627500.00|0.00|0.00|0.00|8746710|5991187311814.00|5249|32691|JUL2019|2019-07
07/24/2019|18274535|4550039|767360|0|20687|150181|0|181963|3211069|0|0|0|5.7145924E12|2250|42904|178696557600.00|11979115500.00|0.00|0.00|0.00|8860612|5905268069919.00|2250|42904|JUL2019|2019-07
07/25/2019|18293727|5740643|1024048|0|22981|225269|0|196312|3962138|0|0|0|6.6459927E12|2745|32481|273264532548.00|13080981500.00|0.00|0.00|0.00|11148410|6932338169323.00|2745|32481|JUL2019|2019-07
07/26/2019|18313631|5805312|1033317|0|23921|218459|0|204779|3997133|0|0|0|6.705729E12|4980|23581|253045642721.00|13665299500.00|0.00|0.00|0.00|11259000|6972439954835.00|4980|23581|JUL2019|2019-07
07/27/2019|18317804|4790933|802307|0|6782|172176|0|191945|3579639|0|0|0|5.2574195E12|1198|8136|157781585951.00|12801256500.00|0.00|0.00|0.00|9537000|5428002336169.00|1198|8136|JUL2019|2019-07
07/28/2019|18320799|3885765|599215|0|4947|145531|0|169239|2872858|0|0|0|3.2919878E12|0|5396|110026576135.00|11516664500.00|0.00|0.00|0.00|7672608|3413531084332.00|0|5396|JUL2019|2019-07
07/29/2019|18344934|5836075|972051|0|27680|182935|0|198687|3776761|0|0|0|6.9646064E12|7531|23908|206142979092.00|13102609000.00|0.00|0.00|0.00|10966509|7183852004762.00|7531|23908|JUL2019|2019-07
07/30/2019|18367189|5952249|987265|0|26315|188419|0|196604|3770566|0|0|0|6.8591297E12|1110|44191|210058633381.00|12965063500.00|0.00|0.00|0.00|11095103|7082153434160.00|1110|44191|JUL2019|2019-07
07/31/2019|18388707|6733037|1205311|0|26184|222112|0|217854|4443510|0|0|0|7.7989644E12|11835|47250|238051002866.00|14590399500.00|0.00|0.00|0.00|12821824|8051605801990.00|11835|47250|JUL2019|2019-07
08/01/2019|18411193|6308279|1164796|0|26901|248540|0|210715|4356371|0|0|0|7.4009005E12|2500|72083|254642925027.00|14136682500.00|0.00|0.00|0.00|12288701|7669680132866.00|2500|72083|AUG2019|2019-08
08/02/2019|18434711|5503206|1001349|0|27359|206001|0|209348|4002525|0|0|0|6.7871391E12|2207|49573|214156822173.00|13909841500.00|0.00|0.00|0.00|10922429|7015205782588.00|2207|49573|AUG2019|2019-08
08/03/2019|18438895|4606872|788317|0|6741|175043|0|191668|3544788|0|0|0|5.2122179E12|1569|10155|157665943734.00|12769747000.00|0.00|0.00|0.00|9306688|5382653613849.00|1569|10155|AUG2019|2019-08
08/04/2019|18440499|3038113|497469|0|2708|125587|0|116057|2139992|0|0|0|2.580632E12|1000|8110|91384905599.00|7713037500.00|0.00|0.00|0.00|5917218|2679729961158.00|1000|8110|AUG2019|2019-08
08/05/2019|18462382|5405395|960194|0|24893|215528|0|259733|3761869|0|0|0|6.7309703E12|2160|32430|215616125358.00|17053971000.00|0.00|0.00|0.00|10602719|6963640360303.00|2160|32430|AUG2019|2019-08
08/06/2019|18483889|5161684|936416|0|25379|213355|0|196854|3727958|0|0|0|6.5308879E12|1087|49553|220461688786.00|12714967000.00|0.00|0.00|0.00|10236267|6764064538677.00|1087|49553|AUG2019|2019-08
08/07/2019|18503453|4955838|877039|0|23173|185764|0|191402|3673362|0|0|0|6.414674E12|3020|46346|186293177477.00|12517854000.00|0.00|0.00|0.00|9883405|6613485054143.00|3020|46346|AUG2019|2019-08
08/08/2019|18522451|4909817|855961|0|22402|175534|0|183867|3673262|0|0|0|6.1972334E12|3550|28886|167706684809.00|12068897000.00|0.00|0.00|0.00|9798441|6377008951009.00|3550|28886|AUG2019|2019-08
08/09/2019|18541105|5021521|883015|0|22176|178718|0|187068|3660962|0|0|0|6.3964616E12|2735|23228|165270451933.00|12137909000.00|0.00|0.00|0.00|9931284|6573869982709.00|2735|23228|AUG2019|2019-08
08/10/2019|18544960|4460593|733506|0|6084|166771|0|190901|3461635|0|0|0|5.1169299E12|4600|9736|129421435297.00|12839243000.00|0.00|0.00|0.00|9013406|5259190616716.00|4600|9736|AUG2019|2019-08
08/11/2019|18547136|3112864|475933|0|3507|143138|0|160257|2321795|0|0|0|2.4002084E12|1200|7901|83008653994.00|10629513000.00|0.00|0.00|0.00|6213987|2493846614613.00|1200|7901|AUG2019|2019-08
08/12/2019|18568153|4653164|857515|0|23725|163658|0|181775|3210104|0|0|0|5.6561145E12|4423|36295|142340747940.00|11808624500.00|0.00|0.00|0.00|9066216|5810263838541.00|4423|36295|AUG2019|2019-08
08/13/2019|18586951|4698232|823045|0|22006|160872|0|179707|3320938|0|0|0|5.7504192E12|805|28402|146115904418.00|11567730000.00|0.00|0.00|0.00|9182794|5908102844611.00|805|28402|AUG2019|2019-08
08/14/2019|18605063|4635900|811645|0|21195|164110|0|184138|3418441|0|0|0|5.8104455E12|7001|29101|144774914972.00|12064660500.00|0.00|0.00|0.00|9214234|5967285060836.00|7001|29101|AUG2019|2019-08
08/15/2019|18622045|4815431|837540|0|20096|163214|0|184066|3444842|0|0|0|5.8449784E12|1600|38446|144772897878.00|12036922500.00|0.00|0.00|0.00|9445093|6001788182018.00|1600|38446|AUG2019|2019-08
08/16/2019|18639154|4786925|846475|0|20217|162355|0|185782|3533287|0|0|0|5.8278014E12|6183|34983|147761010572.00|12124703500.00|0.00|0.00|0.00|9514824|5987687079770.00|6183|34983|AUG2019|2019-08
08/17/2019|18641860|3972515|839158|0|4531|144668|0|175478|2993905|0|0|0|3.4456272E12|200|11701|104109378665.00|11883307000.00|0.00|0.00|0.00|8125724|3561619867100.00|200|11701|AUG2019|2019-08
08/18/2019|18644801|3459242|561725|0|4382|140012|0|154715|2558416|0|0|0|2.7204456E12|2500|7586|99933883377.00|10343839000.00|0.00|0.00|0.00|6874110|2830723342819.00|2500|7586|AUG2019|2019-08
08/19/2019|18664505|4822092|846211|0|22495|209051|0|184462|3480458|0|0|0|6.2561103E12|13825|19592|207809666848.00|11894653000.00|0.00|0.00|0.00|9542274|6475814647286.00|13825|19592|AUG2019|2019-08
08/20/2019|18682499|4838661|845196|0|21181|242889|0|178470|3488361|0|0|0|6.1282028E12|2260|26971|238661480425.00|11609262000.00|0.00|0.00|0.00|9593577|6378473573108.00|2260|26971|AUG2019|2019-08
08/21/2019|18699888|4644997|801068|0|20533|218058|0|183394|3400649|0|0|0|5.8466805E12|0|9987|200560723443.00|11905238000.00|0.00|0.00|0.00|9248166|6059146499367.00|0|9987|AUG2019|2019-08
08/22/2019|18717262|4560466|772537|0|20520|167792|0|177101|3333747|0|0|0|5.7162035E12|4000|17255|164999687897.00|11527216500.00|0.00|0.00|0.00|9011643|5892730447279.00|4000|17255|AUG2019|2019-08
08/23/2019|18735367|5409685|958733|0|21541|208171|0|191329|3797481|0|0|0|6.4568069E12|10245|30131|234988446140.00|12650962000.00|0.00|0.00|0.00|10565399|6704446285288.00|10245|30131|AUG2019|2019-08
08/24/2019|18739472|4510992|746669|0|6324|172443|0|195108|3501525|0|0|0|5.1073765E12|2694|15226|172859773396.00|12731283000.00|0.00|0.00|0.00|9126737|5292967545406.00|2694|15226|AUG2019|2019-08
08/25/2019|18742560|3772615|581771|0|4758|153624|0|167549|2830494|0|0|0|3.2081708E12|5050|24719|134521128330.00|11234879000.00|0.00|0.00|0.00|7506053|3353926760422.00|5050|24719|AUG2019|2019-08
08/26/2019|18764411|5427212|927196|0|24911|199094|0|189581|3846284|0|0|0|6.9281354E12|3500|26802|234557104388.00|12469111500.00|0.00|0.00|0.00|10589367|7175161644526.00|3500|26802|AUG2019|2019-08
08/27/2019|18784198|5440043|924732|0|23458|189796|0|188873|3772658|0|0|0|6.5862293E12|2735|24088|220395123586.00|12379733000.00|0.00|0.00|0.00|10516102|6819004151724.00|2735|24088|AUG2019|2019-08
08/28/2019|18804048|6120446|1051134|0|23876|209258|0|202744|4099661|0|0|0|6.6825263E12|410|36408|227441735929.00|13549750500.00|0.00|0.00|0.00|11683243|6923517744260.00|410|36408|AUG2019|2019-08
08/29/2019|18823685|5620095|956073|0|23438|181266|0|194850|3939741|0|0|0|6.3959478E12|1102|38859|184897359082.00|12911594500.00|0.00|0.00|0.00|10892025|6593756708835.00|1102|38859|AUG2019|2019-08
08/30/2019|18844317|6653775|1196885|0|25300|210013|0|211625|4571305|0|0|0|7.55858E12|26963|60893|214127566593.00|14186276500.00|0.00|0.00|0.00|12843603|7786893848968.00|26963|60893|AUG2019|2019-08
08/31/2019|18848877|5407217|954647|0|7384|186085|0|202533|4095482|0|0|0|5.9500477E12|3100|21437|144855739970.00|13684235500.00|0.00|0.00|0.00|10845964|6108587689482.00|3100|21437|AUG2019|2019-08
09/01/2019|18852242|4565190|736540|0|5383|192124|0|173373|3385454|0|0|0|3.9111328E12|1000|14295|144860873411.00|12096413000.00|0.00|0.00|0.00|9052681|4068090047806.00|1000|14295|SEP2019|2019-09
09/02/2019|18877382|6179834|1093264|0|28668|242385|0|194152|4484197|0|0|0|7.9043065E12|25208|48368|264006188840.00|13188515000.00|0.00|0.00|0.00|12193832|8181501236848.00|25208|48368|SEP2019|2019-09
09/03/2019|18899934|5638219|1009741|0|26323|222032|0|184849|4173885|0|0|0|6.995575E12|13050|34098|244582683574.00|12225824000.00|0.00|0.00|0.00|11228726|7252383473384.00|13050|34098|SEP2019|2019-09
09/04/2019|18921041|5341354|941180|0|24838|211656|0|193418|4048110|0|0|0|6.4963219E12|3257|47101|218283283315.00|12653800000.00|0.00|0.00|0.00|10735718|6727258968127.00|3257|47101|SEP2019|2019-09
09/05/2019|18941183|5442680|958247|0|24019|206823|0|189395|4035976|0|0|0|6.4773787E12|6290|36569|208881631089.00|12290218500.00|0.00|0.00|0.00|10833121|6698550570751.00|6290|36569|SEP2019|2019-09
09/06/2019|18961648|5356844|944730|0|24093|192012|0|195358|4070278|0|0|0|6.7206331E12|10886|51461|182382572449.00|12722632000.00|0.00|0.00|0.00|10759222|6915738296805.00|10886|51461|SEP2019|2019-09
09/07/2019|18966120|4542967|751925|0|6685|161702|0|183220|3689471|0|0|0|5.1779893E12|3000|28375|127088069262.00|12053557000.00|0.00|0.00|0.00|9329285|5317130924881.00|3000|28375|SEP2019|2019-09
09/08/2019|18969552|3840817|596419|0|5015|144424|0|165489|3034038|0|0|0|3.20413E12|5050|17644|102124222377.00|11127477000.00|0.00|0.00|0.00|7781187|3317381721600.00|5050|17644|SEP2019|2019-09
09/09/2019|18992357|5469443|932968|0|25840|196674|0|190762|4444009|0|0|0|7.0385404E12|9073|78460|190058584181.00|12425418000.00|0.00|0.00|0.00|11233856|7241024434254.00|9073|78460|SEP2019|2019-09
09/10/2019|19012231|5375303|933449|0|23485|197437|0|180312|4039088|0|0|0|6.6678145E12|9464|93055|189087669281.00|11772214500.00|0.00|0.00|0.00|10725589|6868674357249.00|9464|93055|SEP2019|2019-09
09/11/2019|19031345|4976410|862065|0|22343|187708|0|181791|3774184|0|0|0|6.2440128E12|710|44264|159829486766.00|11886554000.00|0.00|0.00|0.00|9982158|6415728889777.00|710|44264|SEP2019|2019-09
09/12/2019|19049597|4813486|824066|0|21446|161987|0|177696|3624469|0|0|0|6.0571647E12|4495|107813|136762925819.00|11639414500.00|0.00|0.00|0.00|9601704|6205567043209.00|4495|107813|SEP2019|2019-09
09/13/2019|19068676|5011770|860411|0|22363|159444|0|188428|3736594|0|0|0|6.1784401E12|25003|151846|135596181967.00|12487258000.00|0.00|0.00|0.00|9956647|6326523564098.00|25003|151846|SEP2019|2019-09
09/14/2019|19073332|4393967|702107|0|6647|142965|0|174767|3481728|0|0|0|4.9471957E12|179|37812|102303608349.00|11592057500.00|0.00|0.00|0.00|8895534|5061091379808.00|179|37812|SEP2019|2019-09
09/15/2019|19076766|3679890|552814|0|5028|132092|0|153614|2828303|0|0|0|3.1176753E12|7610|34046|83001163407.00|10391622500.00|0.00|0.00|0.00|7346713|3211068078028.00|7610|34046|SEP2019|2019-09
09/16/2019|19099104|5240984|890080|0|25214|175460|0|182394|3841515|0|0|0|6.6651182E12|3268|44180|162277744108.00|11992237500.00|0.00|0.00|0.00|10330433|6839388171965.00|3268|44180|SEP2019|2019-09
09/17/2019|19118824|4953245|844558|0|22932|164268|0|179050|3686526|0|0|0|6.2324719E12|2400|37948|164295105404.00|11820120000.00|0.00|0.00|0.00|9827647|6408587084801.00|2400|37948|SEP2019|2019-09
09/18/2019|19138174|4899647|821192|0|22445|167296|0|174724|3707781|0|0|0|6.1519692E12|6448|32636|184870515589.00|11649049500.00|0.00|0.00|0.00|9770640|6348488783291.00|6448|32636|SEP2019|2019-09
09/19/2019|19157395|4849594|802122|0|22437|193188|0|181435|3647439|0|0|0|6.0149715E12|295|37392|189678926076.00|12221350000.00|0.00|0.00|0.00|9673778|6216871750387.00|295|37392|SEP2019|2019-09
09/20/2019|19176364|5212371|913374|0|22135|235618|0|180021|3823733|0|0|0|6.3322987E12|10|36144|219146263346.00|11914940000.00|0.00|0.00|0.00|10365117|6563359952011.00|10|36144|SEP2019|2019-09
09/21/2019|19180782|4643234|834596|0|6538|193273|0|178086|3523229|0|0|0|5.0267105E12|2294|15496|146816262166.00|11814977500.00|0.00|0.00|0.00|9372418|5185341723007.00|2294|15496|SEP2019|2019-09
09/22/2019|19184258|3778697|593492|0|5080|152305|0|157474|2798288|0|0|0|3.0289523E12|500|11365|101978990355.00|10604245000.00|0.00|0.00|0.00|7480256|3141535494527.00|500|11365|SEP2019|2019-09
09/23/2019|19206098|5087241|873191|0|24729|177908|0|181438|3707095|0|0|0|6.4105115E12|2000|32321|182767621466.00|11935664000.00|0.00|0.00|0.00|10026873|6605214789423.00|2000|32321|SEP2019|2019-09
09/24/2019|19225363|4978525|831131|0|22418|173427|0|177988|3574667|0|0|0|6.1837187E12|4988|28137|196636705926.00|11811744000.00|0.00|0.00|0.00|9735738|6392167122484.00|4988|28137|SEP2019|2019-09
09/25/2019|19244442|6215500|1104719|0|22679|250497|0|199339|4453492|0|0|0|7.4543765E12|9751|21005|290170987592.00|13565704500.00|0.00|0.00|0.00|12223547|7758113207131.00|9751|21005|SEP2019|2019-09
09/26/2019|19263435|5604941|962440|0|22670|209600|0|191669|4086168|0|0|0|6.6546963E12|50|48746|237727306977.00|12853281500.00|0.00|0.00|0.00|11054818|6905276924270.00|50|48746|SEP2019|2019-09
09/27/2019|19284968|6919944|1191818|0|25737|236065|0|207089|4617665|0|0|0|7.316813E12|6500|34406|257375295596.00|14036736500.00|0.00|0.00|0.00|13172581|7588225019755.00|6500|34406|SEP2019|2019-09
09/28/2019|19290437|5875118|1019769|0|8363|206357|0|201713|4358378|0|0|0|5.9747212E12|1130|14946|184672257938.00|13677980500.00|0.00|0.00|0.00|11661335|6173071439191.00|1130|14946|SEP2019|2019-09
09/29/2019|19294504|4486388|703216|0|6024|164884|0|177357|3349357|0|0|0|3.6486274E12|150|11821|122027252457.00|12222618500.00|0.00|0.00|0.00|8881202|3782877269732.00|150|11821|SEP2019|2019-09
09/30/2019|19320156|7661519|1481636|0|29585|238271|0|211796|4896223|0|0|0|8.3221011E12|9600|31051|256137236563.00|14150255000.00|0.00|0.00|0.00|14489445|8592388592070.00|9600|31051|SEP2019|2019-09
10/01/2019|19343983|7311811|1426765|0|28172|266497|0|214436|5016502|0|0|0|8.3492549E12|12350|33983|291342871342.00|14529411000.00|0.00|0.00|0.00|14236011|8655127215634.00|12350|33983|OCT2019|2019-10
10/02/2019|19367130|6238234|1128182|0|27337|252522|0|202714|4679029|0|0|0|7.6515459E12|3067|36903|269144244010.00|13507838000.00|0.00|0.00|0.00|12500681|7934197992891.00|3067|36903|OCT2019|2019-10
10/03/2019|19388764|5829487|1030656|0|25432|225830|0|194218|4365124|0|0|0|7.038022E12|718|36398|227844421626.00|12879464000.00|0.00|0.00|0.00|11645315|7278745851002.00|718|36398|OCT2019|2019-10
10/04/2019|19409417|5828199|1037247|0|24506|219492|0|184841|4347121|0|0|0|6.9826697E12|3800|38967|219937129137.00|12270562000.00|0.00|0.00|0.00|11616900|7214877386628.00|3800|38967|OCT2019|2019-10
10/05/2019|19414553|5038004|848616|0|7488|190559|0|177453|3989764|0|0|0|5.5746771E12|0|17146|158111618856.00|11601137000.00|0.00|0.00|0.00|10244396|5744389905839.00|0|17146|OCT2019|2019-10
10/06/2019|19418758|4029575|633286|0|5981|159205|0|152543|3137870|0|0|0|3.3705741E12|0|14852|112463535218.00|10113379000.00|0.00|0.00|0.00|8112479|3493150998300.00|0|14852|OCT2019|2019-10
10/07/2019|19443461|5733484|1004184|0|28046|212824|0|185837|4267771|0|0|0|7.4320006E12|9378|24827|216894900515.00|12158859500.00|0.00|0.00|0.00|11404100|7661054310145.00|9378|24827|OCT2019|2019-10
10/08/2019|19465228|5403473|947138|0|25207|199532|0|177188|4039860|0|0|0|6.8244864E12|2595|26309|196709565739.00|11567078500.00|0.00|0.00|0.00|10767191|7032763049031.00|2595|26309|OCT2019|2019-10
10/09/2019|19485255|5314465|921393|0|23682|195020|0|180841|4051577|0|0|0|6.5917426E12|200|42808|191694177519.00|11889750000.00|0.00|0.00|0.00|10663296|6795326541496.00|200|42808|OCT2019|2019-10
10/10/2019|19505182|5621253|959835|0|23498|201105|0|177457|4421540|0|0|0|6.9276217E12|2000|45150|182448782204.00|11681846000.00|0.00|0.00|0.00|11381190|7121752293415.00|2000|45150|OCT2019|2019-10
10/11/2019|19525098|5381269|933338|0|23339|189829|0|175417|4027793|0|0|0|6.5698075E12|5432|34851|169041483011.00|11532300500.00|0.00|0.00|0.00|10707646|6750381327353.00|5432|34851|OCT2019|2019-10
10/12/2019|19529874|4632097|747437|0|6950|156665|0|167224|3657774|0|0|0|5.0980879E12|0|12600|107704550104.00|11316595500.00|0.00|0.00|0.00|9361197|5217109076382.00|0|12600|OCT2019|2019-10
10/13/2019|19533633|3921401|607224|0|5274|140185|0|144279|2985226|0|0|0|3.1577966E12|0|18779|81714430881.00|10103559000.00|0.00|0.00|0.00|7798315|3249614578454.00|0|18779|OCT2019|2019-10
10/14/2019|19555967|5405568|991582|0|25379|177175|0|158242|3805003|0|0|0|6.5504706E12|1850|38633|156864605101.00|10790236500.00|0.00|0.00|0.00|10537570|6718125403741.00|1850|38633|OCT2019|2019-10
10/15/2019|19576927|5669405|1031327|0|24415|183962|0|178759|3963364|0|0|0|6.6201312E12|250|28821|168089971580.00|11652248500.00|0.00|0.00|0.00|11026817|6799873446054.00|250|28821|OCT2019|2019-10
10/16/2019|19596833|5323165|927684|0|23203|176536|0|127731|3946074|0|0|0|6.4472286E12|500|22131|161179219221.00|8293623500.00|0.00|0.00|0.00|10501190|6616701462149.00|500|22131|OCT2019|2019-10
10/17/2019|19614902|5104199|863359|0|21275|181340|0|185723|3836156|0|0|0|6.2558549E12|2400|39968|175167310419.00|12195120500.00|0.00|0.00|0.00|10170777|6443217323191.00|2400|39968|OCT2019|2019-10
10/18/2019|19633814|5278281|917590|0|22215|183397|0|180481|3925487|0|0|0|6.4116284E12|2897|34440|175710084685.00|11830778500.00|0.00|0.00|0.00|10485236|6599169215334.00|2897|34440|OCT2019|2019-10
10/19/2019|19638795|4866753|870300|0|6973|188479|0|169038|3699879|0|0|0|5.1038708E12|160|8878|146727427796.00|11168746000.00|0.00|0.00|0.00|9794449|5261766932375.00|160|8878|OCT2019|2019-10
10/20/2019|19642547|4073464|637307|0|5215|205777|0|150594|3026720|0|0|0|3.218252E12|0|3330|137147769379.00|10089507500.00|0.00|0.00|0.00|8093862|3365489288300.00|0|3330|OCT2019|2019-10
10/21/2019|19664287|5412709|927453|0|24721|231608|0|178528|3930031|0|0|0|6.7121167E12|7405|66418|216121819546.00|11654772000.00|0.00|0.00|0.00|10680329|6939893307167.00|7405|66418|OCT2019|2019-10
10/22/2019|19683886|5136649|869588|0|22868|199278|0|171318|3756048|0|0|0|6.2453506E12|7228|117594|189517237559.00|11254980500.00|0.00|0.00|0.00|10132881|6446122776257.00|7228|117594|OCT2019|2019-10
10/23/2019|19701367|5032839|838082|0|20687|174519|0|168921|3754971|0|0|0|6.0743884E12|550|71361|166383079191.00|11088672000.00|0.00|0.00|0.00|9969332|6251860111156.00|550|71361|OCT2019|2019-10
10/24/2019|19719603|5211966|855102|0|21546|181288|0|174716|3765590|0|0|0|6.1228718E12|3668|86033|189234233407.00|11677069500.00|0.00|0.00|0.00|10188662|6323783077584.00|3668|86033|OCT2019|2019-10
10/25/2019|19738990|7047309|1216585|0|23114|268173|0|201781|4850262|0|0|0|7.667119E12|3640|44351|309199334213.00|13618920000.00|0.00|0.00|0.00|13584110|7989937283217.00|3640|44351|OCT2019|2019-10
10/26/2019|19744406|5596012|947012|0|7952|213628|0|194647|4250998|0|0|0|5.6755233E12|4300|11805|195086312291.00|13006289500.00|0.00|0.00|0.00|11202297|5883615925947.00|4300|11805|OCT2019|2019-10
10/27/2019|19748286|4359453|667015|0|5522|166225|0|169043|3274027|0|0|0|3.4274401E12|50|37141|124658974226.00|11534336500.00|0.00|0.00|0.00|8635763|3563633373531.00|50|37141|OCT2019|2019-10
10/28/2019|19771716|6766161|1126042|0|26996|226238|0|196796|4561723|0|0|0|7.4357311E12|2370|41405|255224402306.00|13104255500.00|0.00|0.00|0.00|12876960|7704059783427.00|2370|41405|OCT2019|2019-10
10/29/2019|19792739|6255915|1026747|0|24920|200096|0|188644|4326537|0|0|0|7.0640119E12|6965|54018|214897273973.00|12594093500.00|0.00|0.00|0.00|11997939|7291503273474.00|6965|54018|OCT2019|2019-10
10/30/2019|19812948|6724930|1110635|0|24186|197749|0|146850|4466609|0|0|0|7.2065129E12|1504|77594|203567225525.00|9816555500.00|0.00|0.00|0.00|12646773|7419896695292.00|1504|77594|OCT2019|2019-10
10/31/2019|19834822|7552933|1326237|0|26057|245662|0|216208|5211468|0|0|0|8.5430445E12|5418|72547|242622499290.00|14635560500.00|0.00|0.00|0.00|14552508|8800302579673.00|5418|72547|OCT2019|2019-10
11/01/2019|19856800|7203044|1274874|0|26234|265877|0|115278|5243274|0|0|0|8.2708883E12|4080|44082|264892008979.00|7730578000.00|0.00|0.00|0.00|14102347|8543510891855.00|4080|44082|NOV2019|2019-11
11/02/2019|19862273|5716638|974346|0|7767|217467|0|87806|4438833|0|0|0|6.0631569E12|400|22522|185346162236.00|4661050000.00|0.00|0.00|0.00|11435090|6253164077534.00|400|22522|NOV2019|2019-11
11/03/2019|19866605|4707893|770670|0|5928|188132|0|55464|3555460|0|0|0|3.8955448E12|10|12531|147677071383.00|3254830000.00|0.00|0.00|0.00|9277619|4046476683763.00|10|12531|NOV2019|2019-11
11/04/2019|19891592|6314288|1126044|0|28315|249637|0|118646|4663057|0|0|0|7.6850208E12|2600|75451|266660592022.00|7708539000.00|0.00|0.00|0.00|12471672|7959389909743.00|2600|75451|NOV2019|2019-11
11/05/2019|19913695|6288635|1095727|0|25867|256891|0|213161|4262783|0|0|0|7.2779555E12|11568|129900|251612265906.00|14390360000.00|0.00|0.00|0.00|12117197|7543958141572.00|11568|129900|NOV2019|2019-11
11/06/2019|19934653|5894830|1027200|0|24700|208715|0|200101|4473617|0|0|0|6.950944E12|6550|116695|211306992892.00|13404557500.00|0.00|0.00|0.00|11804463|7175655549955.00|6550|116695|NOV2019|2019-11
11/07/2019|19954239|5693618|974007|0|23629|208672|0|182871|4326064|0|0|0|7.0570328E12|1971|56234|189553317510.00|12177851500.00|0.00|0.00|0.00|11385232|7258763970180.00|1971|56234|NOV2019|2019-11
11/08/2019|19974844|5865362|1001842|0|23636|194637|0|186923|4377490|0|0|0|6.9937117E12|2230|38629|172460755632.00|12199446500.00|0.00|0.00|0.00|11626254|7178371928701.00|2230|38629|NOV2019|2019-11
11/09/2019|19979310|4656679|735019|0|6358|167263|0|178198|3693157|0|0|0|4.5001591E12|0|14275|116057865303.00|11944670500.00|0.00|0.00|0.00|9430316|4628161683948.00|0|14275|NOV2019|2019-11
11/10/2019|19983576|4307779|656714|0|5747|165007|0|159326|3384407|0|0|0|3.4142843E12|0|13447|104428773393.00|10795598000.00|0.00|0.00|0.00|8673233|3529508697945.00|0|13447|NOV2019|2019-11
11/11/2019|20006550|6252581|1054166|0|26229|202782|0|181976|5311824|0|0|0|7.7991307E12|1000|35827|191884448959.00|11933856500.00|0.00|0.00|0.00|13003329|8002948970793.00|1000|35827|NOV2019|2019-11
11/12/2019|20026070|5515178|955158|0|22797|183785|0|173925|4166829|0|0|0|6.9120046E12|225|25786|172702438731.00|11439765500.00|0.00|0.00|0.00|10994875|7096146823573.00|225|25786|NOV2019|2019-11
11/13/2019|20045170|5266291|921632|0|22357|173320|0|174848|3995135|0|0|0|6.5050801E12|5325|17945|148249282190.00|11618473500.00|0.00|0.00|0.00|10531226|6664947871354.00|5325|17945|NOV2019|2019-11
11/14/2019|20064155|5213584|906723|0|22484|170389|0|167834|3934807|0|0|0|6.3202656E12|4800|23375|146550707969.00|11122714000.00|0.00|0.00|0.00|10393337|6477939071713.00|4800|23375|NOV2019|2019-11
11/15/2019|20083504|5785454|1050623|0|22597|189937|0|175172|4170683|0|0|0|6.6568246E12|5180|22842|158178816469.00|11579455500.00|0.00|0.00|0.00|11371869|6826582874318.00|5180|22842|NOV2019|2019-11
11/16/2019|20088882|5097988|956406|0|7307|162901|0|167341|3839832|0|0|0|5.2651295E12|0|11645|121599950625.00|11071645500.00|0.00|0.00|0.00|10224468|5397801132543.00|0|11645|NOV2019|2019-11
11/17/2019|20092850|4170866|675799|0|5395|150678|0|153508|3080667|0|0|0|3.2027132E12|50|6791|96133867777.00|10376089500.00|0.00|0.00|0.00|8231518|3309223189664.00|50|6791|NOV2019|2019-11
11/18/2019|20115275|5663325|1002789|0|25469|197793|0|176111|4122973|0|0|0|7.0312203E12|0|21190|199309950112.00|11512429000.00|0.00|0.00|0.00|11162991|7242042659951.00|0|21190|NOV2019|2019-11
11/19/2019|20135148|5472286|969372|0|23047|217093|0|173143|3982804|0|0|0|6.6618487E12|0|18689|227043560828.00|11400810000.00|0.00|0.00|0.00|10814698|6900293055992.00|0|18689|NOV2019|2019-11
11/20/2019|20153503|5738338|1030618|0|21620|260781|0|177241|4146622|0|0|0|6.6977145E12|2569|26190|236834963717.00|11808351500.00|0.00|0.00|0.00|11353600|6946357853042.00|2569|26190|NOV2019|2019-11
11/21/2019|20172081|5424021|977482|0|21726|244779|0|178425|3971593|0|0|0|6.2853806E12|17239|24187|215277505737.00|11777062500.00|0.00|0.00|0.00|10796300|6512435215970.00|17239|24187|NOV2019|2019-11
11/22/2019|20190659|5490854|941116|0|22250|193607|0|181100|4007900|0|0|0|6.4377328E12|9161|15300|173715686016.00|11984451500.00|0.00|0.00|0.00|10814577|6623432967307.00|9161|15300|NOV2019|2019-11
11/23/2019|20195929|5118800|871862|0|7470|185894|0|179001|3941362|0|0|0|5.3960178E12|275|6657|153621569905.00|12008946500.00|0.00|0.00|0.00|10296919|5561648306319.00|275|6657|NOV2019|2019-11
11/24/2019|20199842|4171018|647872|0|5603|156598|0|158065|3123688|0|0|0|3.3055183E12|4300|10957|115739408841.00|10728130000.00|0.00|0.00|0.00|8257241|3431985839538.00|4300|10957|NOV2019|2019-11
11/25/2019|20223167|6728206|1160254|0|26726|252228|0|195033|4685375|0|0|0|7.8104505E12|7848|28251|303616673804.00|13056172500.00|0.00|0.00|0.00|13021096|8127123335743.00|7848|28251|NOV2019|2019-11
11/26/2019|20244594|6119765|1071809|0|24965|230911|0|186814|4435045|0|0|0|7.2028367E12|18479|31987|276971934221.00|12522187500.00|0.00|0.00|0.00|12044344|7492330824486.00|18479|31987|NOV2019|2019-11
11/27/2019|20265386|6246851|1077261|0|25267|217988|0|189573|4451273|0|0|0|7.0534102E12|5270|45571|235342783512.00|12745919000.00|0.00|0.00|0.00|12182946|7301498931431.00|5270|45571|NOV2019|2019-11
11/28/2019|20287065|7371531|1269840|0|26353|239651|0|199544|4962392|0|0|0|7.5504264E12|4888|30396|262401515027.00|13607834500.00|0.00|0.00|0.00|14042958|7826435767483.00|4888|30396|NOV2019|2019-11
11/29/2019|20308945|7880995|1430747|0|26658|249128|0|210530|5400531|0|0|0|8.3470306E12|5195|26888|256825509454.00|14291563500.00|0.00|0.00|0.00|15171931|8618147713682.00|5195|26888|NOV2019|2019-11
11/30/2019|20314881|6501321|1155684|0|8607|225306|0|204108|4914870|0|0|0|6.8409592E12|1200|9230|188204728731.00|13831435000.00|0.00|0.00|0.00|13001289|7042995407771.00|1200|9230|NOV2019|2019-11
12/01/2019|20319149|5254132|865182|0|6285|222090|0|174712|3986361|0|0|0|4.5118394E12|0|5726|170547560887.00|11970533000.00|0.00|0.00|0.00|10502477|4694357484835.00|0|5726|DEC2019|2019-12
12/02/2019|20344040|6817437|1158429|0|28105|254117|0|185304|4549112|0|0|0|7.8024425E12|7740|38825|281590628517.00|12435246500.00|0.00|0.00|0.00|12964399|8096468360315.00|7740|38825|DEC2019|2019-12
12/03/2019|20368624|7444500|1283138|0|28976|265775|0|195596|4713290|0|0|0|7.7373304E12|2495|29011|294803208880.00|13148099500.00|0.00|0.00|0.00|13902299|8045281728196.00|2495|29011|DEC2019|2019-12
12/04/2019|20390926|6249950|1169269|0|26362|254447|0|195146|4754724|0|0|0|7.4147505E12|2445|26020|273098854942.00|13014223000.00|0.00|0.00|0.00|12623536|7700863529765.00|2445|26020|DEC2019|2019-12
12/05/2019|20411825|6337228|1142253|0|24821|240053|0|193086|4676624|0|0|0|7.2715587E12|5550|45298|236326012256.00|12901358000.00|0.00|0.00|0.00|12589244|7520786059378.00|5550|45298|DEC2019|2019-12
12/06/2019|20432267|6158676|1115584|0|24261|220663|0|191968|4605515|0|0|0|7.198582E12|6300|57295|214011205797.00|12800742000.00|0.00|0.00|0.00|12292406|7425393971518.00|6300|57295|DEC2019|2019-12
12/07/2019|20437062|5210825|883947|0|7070|193794|0|179773|4188398|0|0|0|5.7009876E12|50|24640|159532773977.00|12102123000.00|0.00|0.00|0.00|10656737|5872622536711.00|50|24640|DEC2019|2019-12
12/08/2019|20439937|4421113|712346|0|4432|165741|0|160612|3368581|0|0|0|3.5334312E12|0|18372|110543254267.00|10897869000.00|0.00|0.00|0.00|8828393|3654872342611.00|0|18372|DEC2019|2019-12
12/09/2019|20462858|6036562|1077837|0|26270|222657|0|188684|4564136|0|0|0|7.5748077E12|16200|85694|218303281387.00|12534833000.00|0.00|0.00|0.00|12089876|7805645783823.00|16200|85694|DEC2019|2019-12
01/01/2020|20779569|4466627|709336|0|3920|203698|0|203653|3025182|0|0|0|3.1726694E12|2949|49914|150604794207.00|14122237500.00|0.00|0.00|0.00|8608496|3337396463724.00|2949|49914|JAN2020|2020-01
01/02/2020|20798858|5862870|1031422|0|22498|253001|0|205521|4070707|0|0|0|5.9022113E12|100|100157|266439278748.00|13801551500.00|0.00|0.00|0.00|11423521|6182452173619.00|100|100157|JAN2020|2020-01
01/03/2020|20819956|6166630|1121833|0|24911|259498|0|199566|4385614|0|0|0|6.771605E12|8570|38500|282935585993.00|13524299500.00|0.00|0.00|0.00|12133141|7068064855509.00|8570|38500|JAN2020|2020-01
01/04/2020|20823949|5382992|936888|0|6162|214119|0|185607|4073947|0|0|0|5.5177723E12|200|20654|185188567492.00|12633632000.00|0.00|0.00|0.00|10793553|5715594540801.00|200|20654|JAN2020|2020-01
01/05/2020|20826781|4635851|756402|0|4445|202125|0|167922|3379599|0|0|0|3.7007427E12|485|24206|158317395129.00|11570116500.00|0.00|0.00|0.00|9141899|3870630236213.00|485|24206|JAN2020|2020-01
01/06/2020|20850377|6373299|1146599|0|26933|251030|0|200281|4578146|0|0|0|7.8093212E12|3260|46383|261560301695.00|13356955500.00|0.00|0.00|0.00|12549355|8084238476925.00|3260|46383|JAN2020|2020-01
