date|sldebit|slmaestro|slSwitch|slSyariah|vddebit|vdmaestro|vdswitch|vdsyariah|cashb|tunaionly|berhasil|seluruh|TotSal|TotVoid|NomSalDeb|NomSalMae|NomSalSwi|NomSalSy|NomVoDeb|NomVoMae|NomVoSwi|NomVoSy|NomCashB|NomTunai|NomTotApp|NomTotAll|NomTotSal|NomTotVoid|bln|mth
12/31/2018|111224|1158|0|823|267735|5603|4389|1|0|0|171|4|113205|277728|442248900644|938735776|0|326733578|123607781917|2411962441|569381637|50000|0|0|0|0|443514369998|126589175995|DEC2018|2018-12
01/01/2019|981093|987|0|829|273616|5450|1662|2|0|1|151|5|982909|280730|339274857827|918741984|0|289671004|122275974336|2403073011|523979497|15200|0|398000|0|0|340483270815|125203042044|JAN2019|2019-01
01/02/2019|949607|1113|0|779|225279|3987|4950|0|0|0|155|3|951499|234216|441846219232|930575958|0|307390468|109236801867|1781436273|576882067|0|0|0|0|0|443084185658|111595120207|JAN2019|2019-01
01/03/2019|938013|1136|0|736|348593|3704|5876|0|0|0|155|1|939885|358173|456014973096|930283468|0|272849036|157605099453|1633612181|1421972515|0|0|0|0|0|457218105600|160660684149|JAN2019|2019-01
01/04/2019|967300|1004|0|816|367719|3940|6076|2|0|2|161|3|969120|377737|463837595923|912375722|0|288261098|155389348941|1687656415|631345246|6380250|0|551000|0|0|465038232743|157714730852|JAN2019|2019-01
01/05/2019|130860|1069|0|975|490438|5673|3146|2|0|0|170|3|132904|499259|529731585690|872234479|0|338678688|199354392907|2642409347|899267072|60000|0|0|0|0|530942498857|202896129326|JAN2019|2019-01
01/06/2019|50928|953|0|904|527146|5356|1576|2|0|1|122|5|52785|534080|410494188526|838560701|0|259247566|177028639174|2372816459|611240803|7070000|0|67500|0|0|411591996793|180019766436|JAN2019|2019-01
01/07/2019|845295|888|0|631|326225|3084|5654|1|0|1|151|1|846814|334964|452225825473|822468365|0|231921478|119968511100|1314101922|890016362|15000|0|420000|0|0|453280215316|122172644384|JAN2019|2019-01
01/08/2019|841512|921|0|699|334495|3045|6584|3|0|1|168|8|843132|344127|461642678291|668954726|0|258026197|120723019829|1333358239|4133924721|21000|0|200000|0|0|462569659214|126190323789|JAN2019|2019-01
01/09/2019|855200|806|0|684|312647|3170|6518|1|0|2|145|4|856690|322336|456392895854|676313739|0|230788272|115806574102|1412501358|2435425009|50000|0|100000|0|0|457299997865|119654550469|JAN2019|2019-01
01/10/2019|877944|839|0|764|275426|3259|6738|1|0|0|183|1|879547|285424|457447686589|640702098|0|292413278|107597792205|1494128585|2157640483|15000|0|0|0|0|458380801965|111249576273|JAN2019|2019-01
01/11/2019|907883|748|0|732|280975|3517|6223|2|0|0|156|2|909363|290717|457459924153|667320529|0|292760884|112766768004|1525126237|619315440|832778|0|0|0|0|458420005566|114912042459|JAN2019|2019-01
01/12/2019|108985|792|1|991|378315|5497|3082|2|0|2|156|8|110769|386896|540714166361|601456241|220000|385996186|160178286196|2419792910|625094906|1622000|0|515200|0|0|541701838788|163224796012|JAN2019|2019-01
01/13/2019|992748|812|0|870|338996|5092|1503|2|0|1|125|1|994430|345593|405724488303|591819779|0|343040816|131323969589|2247982835|469244852|3149980|0|50000|0|0|406659348898|134044347256|JAN2019|2019-01
01/14/2019|820806|703|0|680|221547|2937|5831|3|0|0|131|1|822189|230318|428908934262|614525267|0|358552389|91082064372|1286639071|660490877|101000|0|0|0|0|429882011918|93029295320|JAN2019|2019-01
01/15/2019|832940|706|0|617|219172|2960|6437|4|0|2|154|2|834263|228573|443767023719|598072158|0|266280023|93754081655|1292813482|3270322360|3941225|0|1625000|0|0|444631375900|98321158722|JAN2019|2019-01
01/16/2019|823424|764|0|632|203873|2961|6082|2|0|3|155|3|824820|212918|428909479517|541969194|0|223388439|90738255605|1257237866|2253074077|512500|0|5352500|0|0|429674837150|94249080048|JAN2019|2019-01
01/17/2019|824178|791|0|655|205566|2953|6025|1|0|1|133|5|825624|214545|429855574753|583329263|0|252804092|92183941103|1309858123|2271595519|1000|0|250000|0|0|430691708108|95765395745|JAN2019|2019-01
01/18/2019|878049|772|0|699|222902|3530|6041|1|0|1|155|3|879520|232474|432732548074|602114443|0|277536179|97636702662|1575316998|860599544|1200000|0|475000|0|0|433612198696|100073819204|JAN2019|2019-01
01/19/2019|94218|801|0|965|316903|5701|3029|3|0|1|166|2|95984|325636|517055987404|633962541|0|398890806|146303628073|2639299863|703415355|40000|0|319000|0|0|518088840751|149646383291|JAN2019|2019-01
01/20/2019|26567|689|0|852|308870|5662|1541|1|0|1|135|3|28108|316074|406315076376|505939202|0|265421130|125035894194|2421698377|606875495|1909380|0|482161|0|0|407086436708|128066377446|JAN2019|2019-01
01/21/2019|774052|681|0|684|167382|2728|5333|2|0|0|139|4|775417|175445|399352364743|568210431|0|277437156|78178988405|1269608471|829642896|10100|0|0|0|0|400198012330|80278249872|JAN2019|2019-01
01/22/2019|798268|766|0|682|178049|2774|6262|1|0|0|155|3|799716|187086|415394670020|591249747|0|232584353|81443683800|1195951866|3774199553|100000|0|0|0|0|416218504120|86413935219|JAN2019|2019-01
01/23/2019|837954|748|0|637|191497|3117|5823|2|0|1|163|1|839339|200439|425952364903|614351036|0|266560994|87924701349|1431889910|1870494949|2395000|0|450000|0|0|426833276933|91229481208|JAN2019|2019-01
01/24/2019|813268|757|0|640|181565|3181|6287|0|0|1|149|2|814665|191033|417171198933|572046384|0|221580940|86126727104|1455266271|2234006662|0|0|500000|0|0|417964826257|89816000037|JAN2019|2019-01
01/25/2019|976028|774|0|887|234887|5109|5537|2|0|0|199|3|977689|245535|455691764380|541911207|0|300400194|104669486037|2177999092|714833141|3309000|0|0|0|0|456534075781|107565627270|JAN2019|2019-01
01/26/2019|294464|832|1|1206|336601|7477|3393|0|0|0|202|2|296503|347471|597136651543|635008709|269456|504887878|157923537896|3427725145|1093013771|0|0|0|0|0|598276817586|162444276812|JAN2019|2019-01
01/27/2019|175730|772|0|1107|310899|7157|1617|1|0|3|173|3|177609|319674|464958114817|581256574|0|423626847|133826218667|3183928229|590361183|15000|0|3561500|0|0|465962998238|137600523079|JAN2019|2019-01
01/28/2019|973278|853|0|745|193041|3982|5411|0|0|1|174|2|974876|202434|464355508307|578107781|0|288662788|88172335182|1819998481|732182563|0|0|320000|0|0|465222278876|90724516226|JAN2019|2019-01
01/29/2019|958104|784|0|786|200862|3787|5831|1|0|0|167|2|959674|210481|469418695423|563392533|0|289168017|92113505681|1660112040|3594335399|1000|0|0|0|0|470271255973|97367954120|JAN2019|2019-01
01/30/2019|948914|762|0|741|193762|3829|5438|2|0|1|144|6|950417|203031|458886786367|486462583|0|283042936|90348286073|1720402675|1674729547|60000|0|7586000|0|0|459656291886|93743478295|JAN2019|2019-01
01/31/2019|5928|804|0|719|195788|3919|5119|1|0|0|201|5|7451|204827|483171356198|620241821|0|311095841|93464704009|1822542891|1870045037|205000|0|0|0|0|484102693860|97157496937|JAN2019|2019-01
02/01/2019|55153|790|0|847|225980|4443|5266|1|0|0|180|3|56790|235690|480719914680|601539706|0|285737723|103507160739|1900996522|820918164|50000|0|0|0|0|481607192109|106229125425|FEB2019|2019-02
02/02/2019|327269|822|0|1076|331449|6690|3066|1|0|0|201|4|329167|341206|607074167029|677062709|0|392073181|158427752595|3038652618|773150164|89251|0|0|0|0|608143302919|162239644628|FEB2019|2019-02
02/03/2019|237231|725|0|955|310268|6406|1552|1|0|0|171|5|238911|318227|491709319158|484887770|0|370678667|135628776351|2710547423|643321903|10000|0|0|0|0|492564885595|138982655677|FEB2019|2019-02
02/04/2019|13899|784|0|804|238767|4332|6157|3|0|0|142|3|15487|249259|481117098203|542058227|0|286513804|104149800965|1919460309|3672236119|3110332|0|0|0|0|481945670234|109744607725|FEB2019|2019-02
02/05/2019|986643|756|0|1032|345219|5316|2548|1|0|0|150|5|988431|353084|354505173504|475048728|0|376264611|129545529451|2240943296|507853055|50000|0|0|0|0|355356486843|132294375802|FEB2019|2019-02
02/06/2019|839090|721|0|690|217241|3119|5904|1|0|0|133|2|840501|226265|405445433232|493259691|0|289262831|89385795122|1436338204|1421507623|77500|0|0|0|0|406227955754|92243718449|FEB2019|2019-02
02/07/2019|858740|697|0|681|210829|3240|6780|0|0|0|125|4|860118|220849|428954852624|457451117|0|282895818|89273379644|1463340540|2934055388|0|0|0|0|0|429695199559|93670775572|FEB2019|2019-02
02/08/2019|911047|695|0|741|225899|3722|6136|0|0|0|167|2|912483|235757|441745618117|538919163|0|250488385|99087816114|1587043608|675766984|0|0|0|0|0|442535025665|101350626706|FEB2019|2019-02
02/09/2019|103631|796|0|1045|310974|5557|2951|2|0|2|156|3|105472|319484|521762085206|582507731|0|467876994|141161880730|2424338591|701818149|15100|0|1151500|0|0|522812469931|144288052570|FEB2019|2019-02
02/10/2019|4254|752|0|923|290902|5123|1765|1|0|0|137|1|5929|297791|395590203119|520053329|0|359334367|118198433200|2169804162|695138743|50000|0|0|0|0|396469590815|121063426105|FEB2019|2019-02
02/11/2019|805280|730|0|662|175933|3022|5730|3|0|1|126|3|806672|184688|415929902712|639572873|0|252236921|80153379030|1288619782|806422383|9576078|0|186070|0|0|416821712506|82257997273|FEB2019|2019-02
02/12/2019|808977|724|0|683|180206|2898|6061|4|0|1|140|5|810384|189169|427428996923|546999891|0|278312153|82120899144|1291490199|3791689052|272998|0|108970|0|0|428254308967|87204351393|FEB2019|2019-02
02/13/2019|869982|723|0|716|182314|3242|6194|2|0|0|140|3|871421|191752|435309475115|585763074|0|286220284|86398893185|1437600112|1936337077|160000|0|0|0|0|436181458473|89772990374|FEB2019|2019-02
02/14/2019|905741|757|0|694|204279|3632|6433|1|0|0|162|1|907192|214345|444665227126|536879983|0|264928510|91540376241|1591262006|2472137280|1800000|0|0|0|0|445467035619|95605575527|FEB2019|2019-02
02/15/2019|892519|757|0|780|215600|3531|6077|1|0|0|218|7|894056|225209|433240678582|593043467|0|282930405|97140679468|1546611412|1133466848|10000|0|0|0|0|434116652454|99820767728|FEB2019|2019-02
02/16/2019|95253|871|0|1061|300200|5218|3043|4|0|0|174|4|97185|308465|521376173077|583610931|0|421960750|142092360091|2397417615|743720762|473000|0|0|0|0|522381744758|145233971468|FEB2019|2019-02
02/17/2019|11644|795|0|951|279873|5057|1522|1|0|1|139|1|13390|286453|403883084486|652897211|0|313199545|118704399251|2171294447|600283864|15000|0|50000|0|0|404849181242|121475992562|FEB2019|2019-02
02/18/2019|815210|736|0|661|177510|3189|5361|3|0|1|256|3|816607|186063|409562111370|580102048|0|278978019|80842344059|1370857717|845685640|2085000|0|250000|0|0|410421191437|83060972416|FEB2019|2019-02
02/19/2019|803362|676|0|679|177986|3085|6242|3|0|0|134|9|804717|187316|406118182058|466355281|0|215714913|82914284146|1386043684|3697962731|1701250|0|0|0|0|406800252252|87999991811|FEB2019|2019-02
02/20/2019|824658|715|0|693|182010|3519|6090|2|0|0|156|7|826066|191621|407378273450|578591307|0|265749670|84288389447|1524412639|2191734283|7850000|0|0|0|0|408222614427|88012386369|FEB2019|2019-02
02/21/2019|823003|762|0|705|185484|2841|6771|1|0|0|150|3|824470|195097|410248048306|670038097|0|243442518|87418203491|1237174009|2640287961|10000|0|0|0|0|411161528921|91295675461|FEB2019|2019-02
02/22/2019|873281|737|0|782|208829|3555|6724|2|0|0|159|3|874800|219110|424428059129|627936346|0|256408804|95961318008|1462747772|1495869122|2634651|0|0|0|0|425312404279|98922569553|FEB2019|2019-02
02/23/2019|90615|747|0|959|290348|5124|3185|3|0|1|156|2|92321|298660|525311243753|632362911|0|344836323|141019121829|2372720844|1022364614|1225000|0|52000|0|0|526288442987|144415432287|FEB2019|2019-02
02/24/2019|44437|738|0|941|285887|5160|1605|0|0|0|123|4|46116|292652|418037187237|518702207|0|325386954|121455704771|2324788734|583966103|0|0|0|0|0|418881276398|124364459608|FEB2019|2019-02
02/25/2019|848834|651|0|848|194416|4034|5469|0|0|0|153|2|850333|203919|425356092514|495045458|0|276505445|89202133986|1679016554|768645354|0|0|0|0|0|426127643417|91649795894|FEB2019|2019-02
02/26/2019|878699|639|0|828|204854|4034|6207|3|0|0|159|3|880166|215098|451792137709|496232008|0|360924358|95986425131|1760508627|3266505987|368000|0|0|0|0|452649294075|101013807745|FEB2019|2019-02
02/27/2019|910060|600|0|736|204665|4471|6489|2|0|0|132|1|911396|215627|458822710706|409126896|0|249067290|94647746359|1961149130|1649125346|317500|0|0|0|0|459480904892|98258338335|FEB2019|2019-02
02/28/2019|142175|696|0|849|217045|4349|6730|1|0|0|165|3|143720|228125|519457501978|514962143|0|298647837|104243607045|1863188080|2860682193|10000|0|0|0|0|520271111958|108967487318|FEB2019|2019-02
03/01/2019|73723|655|0|938|238074|4788|5270|1|0|0|206|7|75316|248133|477761478655|498901386|0|330948128|108158965187|1962532757|934723146|3012770|0|0|0|0|478591328169|111059233860|MAR2019|2019-03
03/02/2019|355908|626|0|1144|359931|7372|2905|2|0|0|207|2|357678|370210|617306089627|472991007|0|436714257|169211491330|3432079098|1025029353|60000|0|0|0|0|618215794891|173668659781|MAR2019|2019-03
03/03/2019|186400|647|0|1047|323771|6739|1476|4|0|0|144|8|188094|331990|463042805190|431869764|0|385811598|141231385188|2971174690|614051721|4865750|0|0|0|0|463860486552|144821477349|MAR2019|2019-03
03/04/2019|947625|579|0|783|214668|3738|5570|2|0|1|154|3|948987|223978|460353501757|467956432|0|304878725|93930411638|1554282469|1123852450|20000|0|140000|0|0|461126336914|96608566557|MAR2019|2019-03
03/05/2019|913378|610|0|795|243597|3658|0|6275|1|0|0|145|914783|253530|448912822789|533091380|0|329158386|96873101498|1652715709|0|3916880797|15000|0|0|0|449775072555|102442698004|MAR2019|2019-03
03/06/2019|918080|723|0|801|230307|3911|0|5578|0|0|0|143|919604|239796|431803385637|533416589|0|294469080|96790038246|1625476173|0|783525092|0|0|0|0|432631271306|99199039511|MAR2019|2019-03
03/07/2019|130244|141|0|1096|350178|6117|0|2516|0|0|0|140|131481|358811|464379315915|106280080|0|380660457|140329499199|2625675784|0|2112361368|0|0|0|0|464866256452|145067536351|MAR2019|2019-03
03/08/2019|979058|664|0|880|260080|4347|0|5345|2|0|1|158|980602|269772|469357299207|527151496|0|352124695|109865646482|1856912185|0|1122499938|4564000|0|0|0|470236575398|112845058605|MAR2019|2019-03
03/09/2019|133161|634|0|992|329976|6068|0|2734|1|0|1|147|134787|338778|522158884977|490411867|0|373968123|149098893111|2596570700|0|812533871|10000|0|0|0|523023264967|152507997682|MAR2019|2019-03
03/10/2019|40394|623|1|979|294549|5586|0|1551|2|0|0|155|41997|301686|394501078135|431023007|124000|345306225|121389572187|2334506264|0|508625906|80000|0|0|0|395277531367|124232704357|MAR2019|2019-03
03/11/2019|840267|547|0|759|196349|3370|0|5355|0|0|0|101|841573|205074|418075071628|414555705|0|286699823|85948445060|1401617015|0|775062188|0|0|0|0|418776327156|88125124263|MAR2019|2019-03
03/12/2019|836881|520|0|751|189223|3364|0|6018|2|0|2|164|838152|198605|437446093754|403124033|0|301187139|86546015744|1495442265|0|3435560887|849400|0|0|0|438150404926|91477018896|MAR2019|2019-03
03/13/2019|849357|515|0|703|192851|3324|0|6122|2|0|0|144|850575|202297|439542464058|433661905|0|287154940|89012987016|1423635539|0|994594249|4862905|0|0|0|440263280903|91431216804|MAR2019|2019-03
03/14/2019|803614|519|0|710|186178|3211|0|6116|1|0|1|135|804843|195505|412097985734|384475065|0|306167432|86022555363|1392723885|0|2166101793|10000|0|0|0|412788628231|89581381041|MAR2019|2019-03
03/15/2019|885116|604|0|847|212557|3890|0|5886|1|0|1|175|886567|222333|431412446673|441228919|0|256768790|95062621447|1523841282|0|1098769040|50000|0|0|0|432110444382|97685231769|MAR2019|2019-03
03/16/2019|123289|547|0|1046|311093|5950|0|3038|1|0|0|170|124882|320081|528510325292|408330347|0|436354973|147298305078|2754238433|0|695711775|4235000|0|0|0|529355010612|150748255286|MAR2019|2019-03
03/17/2019|8272|560|0|956|281707|5299|0|1441|3|0|0|127|9788|288447|393640535979|407608039|0|313685203|121040192582|2241623288|0|587476994|70000|0|0|0|394361829221|123869292864|MAR2019|2019-03
03/18/2019|810331|486|0|719|167283|3092|0|5344|0|0|0|114|811536|175719|404629741094|336971853|0|287300818|77978254165|1409891598|0|690124235|0|0|0|0|405254013765|80078269998|MAR2019|2019-03
03/19/2019|809158|492|0|676|171048|3136|33|5985|0|0|0|159|810326|180202|417473594963|369077095|0|296453634|81184717791|1324689375|9715707|3267168810|0|0|0|0|418139125692|85786291683|MAR2019|2019-03
03/20/2019|846176|475|0|839|179205|3367|27|6102|1|0|0|159|847490|188701|429540118095|321038567|0|341010025|85007633866|1549854488|11909649|983677651|1458000|0|0|0|430202166687|87553075654|MAR2019|2019-03
03/21/2019|832229|451|0|797|177907|3204|30|5818|2|0|1|160|833477|186959|419637350457|328165367|0|278432905|86532945866|1346659854|14690458|2328832113|967600|0|0|0|420243948729|90223128291|MAR2019|2019-03
03/22/2019|888596|483|0|813|211324|3951|30|5673|1|0|1|173|889892|220978|428304999067|369048764|0|220699587|97281467132|1663181731|12347207|751610476|17062544|0|0|0|428894747418|99708606546|MAR2019|2019-03
03/23/2019|131375|545|0|1002|301745|5705|51|3286|1|0|1|153|132922|310787|540111175666|401217334|0|373943929|145164616106|2619527335|21804552|868983932|26850|0|0|0|540886336929|148674931925|MAR2019|2019-03
03/24/2019|53819|534|0|974|287371|5842|32|1527|1|0|0|122|55327|294772|415988195302|386993623|0|334032952|127183009794|2570813737|13573034|754849239|102500|0|0|0|416709221877|130522245804|MAR2019|2019-03
03/25/2019|854316|516|0|825|192917|4330|28|5340|1|0|2|173|855657|202615|428294367147|408297486|0|278896659|90573386361|1819391379|13949698|1043212432|190000|0|0|0|428981561292|93449939870|MAR2019|2019-03
03/26/2019|869665|479|0|790|192787|3920|36|6144|0|0|2|185|870934|202887|446072875437|378338453|0|253832350|93149612811|1699700951|19033962|3383931452|0|0|0|0|446705046240|98252279176|MAR2019|2019-03
03/27/2019|889295|456|0|795|195247|4362|28|6258|1|0|0|164|890546|205895|452898019767|383325660|0|287812596|94901527432|1866711359|14628445|1016912486|1000|0|0|0|453569158023|97799779722|MAR2019|2019-03
03/28/2019|28027|477|0|735|211676|4532|35|6594|0|0|0|197|29239|222837|491204920135|352465721|0|280638064|104229020936|2031064278|16726391|2466391252|0|0|0|0|491838023920|108743202857|MAR2019|2019-03
03/29/2019|94164|519|0|877|245741|5078|27|5989|1|0|0|241|95560|256835|501153752351|400810118|0|330359686|113387824450|2226852772|19508710|1117867392|10000|0|0|0|501884922155|116752053324|MAR2019|2019-03
03/30/2019|335829|491|0|1141|349224|8003|54|3120|1|0|0|201|337461|360401|613821481269|415669518|0|440263630|170850607474|3734651923|36217764|792527671|10000|0|0|0|614677414417|175414004832|MAR2019|2019-03
03/31/2019|204504|492|0|1058|319569|7175|41|1844|0|0|0|194|206054|328629|471517209662|318042055|0|400894407|143476197985|3192106958|12079391|738759836|0|0|0|0|472236146124|147419144170|MAR2019|2019-03
04/01/2019|950571|454|0|784|198224|4000|20|5408|1|0|0|182|951809|207652|468063782251|382740705|0|393205310|96279370696|1757828322|9534523|805527079|1800000|0|0|0|468839728266|98852260620|APR2019|2019-04
04/02/2019|958014|427|0|794|211197|4083|37|5954|1|0|1|174|959235|221271|482574102269|343862534|0|271573207|102175697486|1830208414|16668649|2784156051|15000|0|0|0|483189538010|106806730600|APR2019|2019-04
04/03/2019|179594|478|0|1152|339060|6460|52|2225|2|0|0|192|181224|347797|496577591879|358193711|0|556324057|151716356786|2659636313|21396559|568575152|410000|0|0|0|497492109647|154965964810|APR2019|2019-04
04/04/2019|919049|503|0|820|234183|5692|30|5872|1|0|0|191|920372|245777|474872916192|345534620|0|399183948|101513183252|2757499781|13458660|2106859960|1020011|0|0|0|475617634760|106391001653|APR2019|2019-04
04/05/2019|988012|484|0|861|268272|6808|36|6022|1|0|2|208|989357|281138|477048412219|342991408|0|302183756|108533457224|3056830557|14484416|786312320|1295400|0|0|0|477693587383|112391084517|APR2019|2019-04
04/06/2019|159401|488|0|1022|353038|9580|41|2807|0|0|1|245|160911|365466|552828306413|392055526|0|373471131|159942316413|4597697135|26378124|984297698|0|0|0|0|553593833070|165550689370|APR2019|2019-04
04/07/2019|50901|529|0|941|320972|9274|36|1542|0|0|1|196|52371|331824|415335742768|369646066|0|369977514|133983678398|3981884910|13911376|590791614|0|0|0|0|416075366348|138570266298|APR2019|2019-04
04/08/2019|870599|472|0|736|203312|5625|13|5498|1|0|2|167|871807|214448|452299525385|354351719|0|383457213|90763308238|2444153028|8274243|739459819|50000|0|0|0|453037334317|93955195328|APR2019|2019-04
04/09/2019|889034|454|0|768|205072|5623|28|6219|1|0|0|146|890256|216942|471813144589|444399521|0|266907743|94463792134|2482296441|9656110|3643524036|10000|0|0|0|472524451853|100599268721|APR2019|2019-04
04/10/2019|892503|481|0|805|211573|5556|24|5810|1|0|0|195|893789|222963|466853723476|353307662|0|289229999|96650329866|2385125459|9774220|926969047|10000|0|0|0|467496261137|99972198592|APR2019|2019-04
04/11/2019|884930|486|0|811|208793|5646|26|5974|1|0|0|172|886227|220439|466096061933|342161907|0|379749321|96708095456|2501151432|11298431|2421770983|10000|0|0|0|466817973161|101642316302|APR2019|2019-04
04/12/2019|917027|474|0|853|232129|6417|28|5558|1|0|0|179|918354|244132|459651216517|425026928|0|324593859|103365769945|2880281564|19587663|1164974780|1000|0|0|0|460400837304|107430613952|APR2019|2019-04
04/13/2019|87981|504|0|996|315056|9071|37|2962|1|0|0|198|89481|327126|520286013988|390272125|0|390040739|148726793604|4311521389|13067333|883688833|98200|0|0|0|521066326852|153935071159|APR2019|2019-04
04/14/2019|35767|500|0|1068|301562|9054|38|1473|2|0|0|182|37335|312127|410196516142|324821496|0|344524946|129414327051|3797027439|19010093|755900458|25000|0|0|0|410865862584|133986265041|APR2019|2019-04
04/15/2019|819850|436|0|725|179472|5293|30|5267|0|0|1|158|821011|190062|432491075009|317103766|0|266117530|85333738625|2342697178|12080805|1190275132|0|0|0|0|433074296305|88878791740|APR2019|2019-04
04/16/2019|862856|484|0|720|194186|5856|38|6170|0|0|0|152|864060|206250|444926006920|333950146|0|263373156|89691613297|2505921748|26412553|3233515168|0|0|0|0|445523330222|95457462766|APR2019|2019-04
04/17/2019|948666|518|0|974|292301|8826|49|1620|1|0|0|160|950158|302796|335218317756|322985603|0|282877553|121540847963|3601647375|13869871|678358212|15000|0|0|0|335824180912|125834723421|APR2019|2019-04
04/18/2019|904905|578|0|896|217339|6458|24|5762|2|0|2|173|906379|229583|464005813488|455033902|0|335206505|102333355766|2979464833|5799001|1943253764|13348000|0|0|0|464796053895|107261873364|APR2019|2019-04
04/19/2019|954132|578|0|1046|281664|7752|46|2310|1|0|1|200|955756|291772|393141475757|523404152|0|435878613|124962289890|3443510268|25737853|565156155|15000|0|0|0|394100758522|128996694166|APR2019|2019-04
04/20/2019|27136|619|0|1055|297738|8520|58|2684|1|0|0|216|28810|309000|485804704441|456971215|0|442975787|140684540003|3827000500|39251814|688861342|142500|0|0|0|486704651443|145239653659|APR2019|2019-04
04/21/2019|956826|618|0|975|272801|8031|38|1489|1|0|0|201|958419|282359|371951216886|532300336|0|394004320|118425674705|3426748316|22867601|743701186|50000|0|0|0|372877521542|122618991808|APR2019|2019-04
04/22/2019|824195|565|0|780|179809|5267|19|5433|2|0|0|183|825540|190528|446461949681|471217917|0|308607894|88011676415|2447578175|6229468|919612111|60000|0|0|0|447241775492|91385096169|APR2019|2019-04
04/23/2019|827312|641|0|673|182362|5161|27|6003|1|0|0|189|828626|193553|458181145976|447753799|0|262527798|90266138695|2387690302|11955267|2848107728|1413720|0|0|0|458891427573|95513891992|APR2019|2019-04
04/24/2019|843299|631|0|726|195224|5596|23|6075|1|0|0|224|844656|206918|449141142731|486517020|0|230650153|93306491249|2420940056|11851694|946507459|15000|0|0|0|449858309904|96685790458|APR2019|2019-04
04/25/2019|960706|634|0|935|227589|7275|44|6300|0|0|0|231|962275|241208|514702332817|498919237|0|344512786|109417034922|3242139375|17746839|2482534635|0|0|0|0|515545764840|115159455771|APR2019|2019-04
04/26/2019|32876|674|0|931|256080|8353|45|6245|1|0|0|308|34481|270723|512036064412|526654092|0|385847415|119873968402|3695252995|27234442|1087132924|10000|0|0|0|512948565919|124683588763|APR2019|2019-04
04/27/2019|275549|650|0|1218|372375|12564|67|3309|2|0|0|254|277417|388315|621668804092|485747119|0|507097642|178413766097|5840406464|24126692|1016701641|51000|0|0|0|622661648853|185295000894|APR2019|2019-04
04/28/2019|175512|554|0|1151|341843|11999|69|2044|4|0|0|229|177217|355955|478788939006|416182315|0|427334977|154865312976|5264252041|31179166|674206834|85000|0|0|0|479632456298|160834951017|APR2019|2019-04
04/29/2019|4503|582|0|857|214498|6754|23|6073|1|0|0|202|5942|227348|515834465680|427588160|0|328121167|105126766707|3181747660|9365345|754227440|804317|0|0|0|516590175007|109072107152|APR2019|2019-04
04/30/2019|79100|531|0|959|228506|7104|29|6305|1|0|0|205|80590|241944|558772514890|437163937|0|372367497|113691382071|3240179961|12116871|3257200672|15000|0|0|0|559582046324|120200879575|APR2019|2019-04
05/01/2019|330076|527|0|1367|377785|11795|72|2311|2|0|0|204|331970|391963|569263051485|340721868|0|553624871|172651411502|5112419626|23802644|778172417|777000|0|0|0|570157398224|178565806189|MAY2019|2019-05
05/02/2019|45977|578|0|945|236359|6773|44|6403|0|0|0|222|47500|249579|546965149616|426841212|0|374539246|114919579931|3073608396|33956775|2376476940|0|0|0|0|547766530074|120403622042|MAY2019|2019-05
05/03/2019|61734|530|0|1022|260795|7286|63|6170|0|0|0|240|63286|274314|545467102213|415089751|0|385418004|128918259348|3273652071|31572055|879838638|0|0|0|0|546267609968|133103322112|MAY2019|2019-05
05/04/2019|298599|548|0|1330|381618|10733|67|3303|1|0|1|235|300477|395721|658917469725|439624313|0|557616149|191024148914|5223898831|38114448|998694808|10000|0|0|0|659914710187|197284857001|MAY2019|2019-05
05/05/2019|240761|537|0|1238|347920|10443|66|1745|2|0|0|215|242536|360174|515011065418|402236290|0|469327256|156088388322|4916962871|28079218|750943159|1015000|0|0|0|515882628964|161784373570|MAY2019|2019-05
05/06/2019|872317|465|0|753|177791|5482|48|6085|1|0|0|190|873535|189406|462651047498|379954620|0|268392787|85407736190|2272075201|21539317|714485808|10000|0|0|0|463299394905|88415836516|MAY2019|2019-05
05/07/2019|863809|469|0|728|176603|5562|39|6665|2|0|0|183|865006|188869|477550631876|365695440|0|319298261|86364141710|2421566230|21543747|3824138346|600000|0|0|0|478235625577|92631390033|MAY2019|2019-05
05/08/2019|852232|557|0|739|178761|5288|43|6404|2|0|0|155|853528|190496|479125728466|445873908|0|288877966|89181493113|2319812858|17156779|749986067|8115000|0|0|0|479860480340|92268448817|MAY2019|2019-05
05/09/2019|848768|464|0|740|177304|5568|34|7090|0|0|0|190|849972|189996|470806851206|332363587|0|298150404|86526974448|2552830907|32373411|2470622828|0|0|0|0|471437365197|91582801594|MAY2019|2019-05
05/10/2019|920102|535|0|832|206643|6274|39|6629|2|0|0|150|921469|219585|478520645875|428031168|0|327501533|100251581860|2766017909|25252267|820939445|48600|0|0|0|479276178576|103863791481|MAY2019|2019-05
05/11/2019|140162|525|0|1049|322312|9499|47|3505|0|0|1|203|141736|335363|594783429214|386290864|0|505937683|164265866491|4611847263|24283480|773399396|0|0|0|0|595675657761|169675396630|MAY2019|2019-05
05/12/2019|59478|525|0|1010|337712|9073|52|1870|0|0|0|169|61013|348707|472114575687|341916251|0|389016086|149138211843|4092303899|27318055|667731817|0|0|0|0|472845508024|153925565614|MAY2019|2019-05
05/13/2019|850922|506|0|698|207811|5377|30|6028|3|0|0|155|852126|219246|470666637143|340715780|0|288095421|91798672531|2384101804|14956225|854087377|370000|0|0|0|471295448344|95051817937|MAY2019|2019-05
05/14/2019|863486|484|0|734|215137|5420|41|6878|3|0|0|157|864704|227476|484572557091|382595406|0|312020862|96317003346|2536405168|13674718|3377018000|415100|0|0|0|485267173359|102244101232|MAY2019|2019-05
05/15/2019|869440|495|0|738|214780|5414|48|6615|1|0|0|206|870673|226857|473569874486|395489738|0|275544021|98220384895|2403962707|19464813|1023892923|1000|0|0|0|474240908245|101667705338|MAY2019|2019-05
05/16/2019|890354|499|0|812|215925|10019|5316|6745|2|0|0|185|891665|238005|487150173859|381024554|0|388593151|99783456413|4979958153|2222470872|3074123810|25000|0|0|0|487919791564|110060009248|MAY2019|2019-05
05/17/2019|967255|560|0|889|242745|11974|7571|5949|1|0|1|159|968704|268239|517385662830|466799860|0|340572374|114152455834|6053518735|3115663181|1100004222|15000|0|0|0|518193035064|124421641972|MAY2019|2019-05
05/18/2019|209148|565|0|1167|362587|20312|12760|3352|1|0|1|192|210880|399011|642349408206|418710995|0|576197052|185162672177|10806414926|5857732904|1083444695|1000000|0|0|0|643344316253|202910264702|MAY2019|2019-05
05/19/2019|133601|678|0|1065|344078|19928|12008|1676|0|0|0|181|135344|377690|504817962493|432186500|0|402317743|161094941536|10054025823|4928610812|850899276|0|0|0|0|505652466736|176928477447|MAY2019|2019-05
05/20/2019|919216|589|0|815|211261|11289|7190|5947|0|0|1|201|920620|235687|510438011859|414625314|0|340631741|101943002218|5801167962|2912075433|929464489|0|0|0|0|511193268914|111585710102|MAY2019|2019-05
05/21/2019|933260|530|0|864|216512|11865|7459|6887|4|0|0|193|934654|242723|505183886597|374375593|0|410527322|104255226774|5988659964|3000578956|4239414305|3858000|0|0|0|505968789512|117483879999|MAY2019|2019-05
05/22/2019|20446|537|0|779|233424|13189|7657|5786|0|0|0|130|21762|260056|457680506083|425695819|0|339030395|106046033412|6585121564|3118685169|995219240|0|0|0|0|458445232297|116745059385|MAY2019|2019-05
05/23/2019|75606|531|0|944|254750|13685|8719|6450|2|0|1|182|77081|283604|532067913555|375893912|0|454051396|120910219934|6795913680|3679016963|2478950581|2525000|0|0|0|532897858863|133864101158|MAY2019|2019-05
05/24/2019|172653|548|0|960|304496|17013|11423|5856|2|0|0|193|174161|338788|581916401096|389519594|0|450657263|145795008702|8505365411|4532767417|1033860171|60000|0|0|0|582756577953|159867001701|MAY2019|2019-05
05/25/2019|521029|587|0|1393|497845|28251|18817|3572|1|0|2|258|523009|548485|788860352538|422932205|0|614594873|260186915180|14735958714|8628170476|1316103087|3500000|0|0|0|789897879616|284867147457|MAY2019|2019-05
05/26/2019|456174|500|1|1343|488986|27706|18452|2005|0|0|4|204|458018|537149|663413562678|345691034|123000|684976601|242091706335|14286603525|7925991220|843881701|0|0|0|0|664444353313|265148182781|MAY2019|2019-05
05/27/2019|131497|542|0|1002|291911|15370|10568|5483|0|0|0|200|133041|323332|609161770735|428599580|0|383336379|144636950276|7688326718|4450978781|1055652490|0|0|0|0|609973706694|157831908265|MAY2019|2019-05
05/28/2019|187505|469|0|987|290868|15030|10952|6482|0|0|2|209|188961|323332|625388272039|291871894|0|404809021|144799804091|7478067134|4610548411|3418063876|0|0|0|0|626084952954|160306483512|MAY2019|2019-05
05/29/2019|314871|500|0|1071|329841|16897|12545|5896|1|0|0|255|316442|365179|661397266386|410090176|0|420044925|162590917425|8211744718|5276372320|869997144|50000|0|0|0|662227401487|176949031607|MAY2019|2019-05
05/30/2019|543517|512|0|1368|480510|25068|18475|2914|0|0|0|171|545397|526967|708398433414|405999460|0|586471775|239054621741|12542661262|8047063197|1070821495|0|0|0|0|709390904649|260715167695|MAY2019|2019-05
05/31/2019|412166|546|1|1226|380595|20441|14870|4978|4|0|0|210|413939|420884|664821939317|505604704|332000|481802830|184748607878|9963801490|6056976111|894495123|18006250|0|0|0|665809678851|201663880602|MAY2019|2019-05
06/01/2019|475164|528|0|1413|454076|23404|18191|2946|1|0|0|216|477105|498617|654866964700|398918180|0|617152953|217282670809|11390113711|7547793757|852881102|287100|0|0|0|655883035833|237073459379|JUN2019|2019-06
06/02/2019|389443|528|0|1275|425545|21763|17087|1759|1|0|1|142|391246|466154|576555901021|348028884|0|474098172|199344377509|10373169747|6896856888|618848497|1000|0|0|0|577378028077|217233252641|JUN2019|2019-06
06/03/2019|372066|493|0|1318|454649|20433|15951|2202|0|0|0|191|373877|493235|563885916857|376474794|0|485931818|192095225938|9363630821|6230140595|723075118|0|0|0|0|564748323469|208412072472|JUN2019|2019-06
06/04/2019|247702|551|0|1274|395680|17885|13034|1696|1|0|1|141|249527|428295|439602886155|416774304|0|427564537|147871861099|7625167423|4817068430|495051451|10000|0|0|0|440447224996|160809148403|JUN2019|2019-06
06/05/2019|622222|416|0|464|126840|8191|4829|830|0|0|1|66|623102|140690|171873806060|274563603|0|134526149|47941851719|3249221407|1578726985|385431485|0|0|0|0|172282895812|53155231596|JUN2019|2019-06
06/06/2019|861736|533|0|823|195336|13407|2013|978|0|0|0|128|863092|211734|269054347736|426967263|0|239696359|80496097821|5825833696|709026478|270536384|0|0|0|0|269721011358|87301494379|JUN2019|2019-06
06/07/2019|909568|551|0|875|247091|13760|9013|1298|2|0|0|128|910994|271162|312789125021|416381554|0|276976351|105134297645|6128193085|3187594124|465368251|241000|0|0|0|313482482926|114915453105|JUN2019|2019-06
06/08/2019|990863|525|0|1007|285615|15770|10620|1445|1|0|0|128|992395|313450|356658081332|376036383|0|299232815|122397868753|6983679186|3944643420|380039990|10000|0|0|0|357333350530|133706231349|JUN2019|2019-06
06/09/2019|971636|619|0|972|276422|15169|10118|1162|0|0|1|146|973227|302871|338639989024|486136858|0|337037106|113840592329|6490091592|3492986117|456636313|0|0|0|0|339463162988|124280306351|JUN2019|2019-06
06/10/2019|941842|539|0|983|238807|12649|8538|5204|0|0|0|131|943364|265198|407220794153|415304097|0|399060240|104523306297|5831892355|3205953467|723242546|0|0|0|0|408035158490|114284394665|JUN2019|2019-06
06/11/2019|930534|539|0|979|234752|12124|8484|5936|0|0|0|146|932052|261296|425207148380|421460185|0|437885901|104904138884|5760060627|3250867822|2771337260|0|0|0|0|426066494466|116686404593|JUN2019|2019-06
06/12/2019|914730|570|0|940|230853|11353|8557|6234|0|0|1|117|916240|256997|419042064814|456747165|0|364693124|102469384692|5327052426|3354721170|835533668|0|0|0|0|419863505103|111986691956|JUN2019|2019-06
06/13/2019|909706|578|0|925|226760|11219|8215|6227|2|0|0|144|911209|252421|428867675057|461878774|0|398062270|101814014929|5385936346|3267453287|2726636705|2094000|0|0|0|429727616101|113194041267|JUN2019|2019-06
06/14/2019|936622|587|0|1015|238713|12202|8659|5528|3|0|0|141|938224|265102|434240853665|447934062|0|340954892|107220843323|5535696938|3276447242|688576473|1641800|0|0|0|435029742619|116721563976|JUN2019|2019-06
06/15/2019|119705|553|0|1172|327124|17420|12152|2875|0|0|1|138|121430|359571|515697181156|415100923|0|533496722|152430423177|8388551238|4916938378|680070888|0|0|0|0|516645778801|166415983681|JUN2019|2019-06
06/16/2019|10220|499|0|1079|292556|16390|10800|1484|1|0|0|111|11798|321230|390055089887|350335060|0|362355423|125971210299|7285998156|4072840194|458061911|40700|0|0|0|390767780370|137788110560|JUN2019|2019-06
06/17/2019|870605|542|0|805|198701|10274|7228|5609|4|0|1|138|871952|221812|441473347915|367410383|0|395658453|91266466722|4585622975|2742726619|618458371|120000|0|0|0|442236416751|99213274687|JUN2019|2019-06
06/18/2019|871042|507|0|818|201988|10266|7477|6466|1|0|1|134|872367|226197|446362438785|365341737|0|327674483|93438137640|4934944845|3055305593|4309739394|10000|0|0|0|447055455005|105738127472|JUN2019|2019-06
06/19/2019|875999|549|0|802|193420|10188|18366|5769|1|0|0|120|877350|227743|433598163641|389779895|0|357883785|88792150056|4770524976|9693523316|1383549317|50000|0|0|0|434345827321|104639747665|JUN2019|2019-06
06/20/2019|904377|546|0|889|198262|10667|20476|5813|1|0|0|142|905812|235218|449180910059|394764515|0|392482324|90017667846|5056606380|10909789196|2654945466|807000|0|0|0|449968156898|108639008888|JUN2019|2019-06
06/21/2019|942896|596|0|970|219943|11997|22729|5949|0|0|0|139|944462|260618|448515362101|445250764|0|346018049|100235652449|5660400412|12411779388|1035328859|0|0|0|0|449306630914|119343161108|JUN2019|2019-06
06/22/2019|101685|591|0|1197|292206|17211|27360|2827|4|0|1|136|103473|339604|510950154812|439661508|0|476711710|139104630632|8434949666|14291586329|683449176|1243000|0|0|0|511866528030|162514615803|JUN2019|2019-06
06/23/2019|13192|568|0|1014|270001|16052|28164|1310|2|0|1|116|14774|315527|397759858168|437369552|0|400230931|118931363599|7119846613|13928433667|572062671|300642|0|0|0|398597458651|140551706550|JUN2019|2019-06
06/24/2019|876270|576|0|793|184166|10130|18584|5350|0|0|0|140|877639|218230|435263995528|404011919|0|364331132|88398942259|4934635834|9816008138|763701522|0|0|0|0|436032338579|103913287753|JUN2019|2019-06
06/25/2019|978472|569|0|1038|211658|12774|21364|6637|2|0|0|146|980079|252433|483635823308|424446376|0|339375132|98385646592|5934865881|11173040400|3957935143|10010000|0|0|0|484399644816|119451488016|JUN2019|2019-06
06/26/2019|979796|571|0|912|176076|12338|60105|5934|0|0|1|119|981279|254453|478275983221|353679871|0|352241101|83559755700|6044281737|28394005809|1052793638|0|0|0|0|478981904193|119050836884|JUN2019|2019-06
06/27/2019|987017|608|0|963|175115|12906|61613|6144|1|0|0|99|988588|255778|468451762953|460950418|0|368854454|84198734789|6195482917|28587168289|2170400452|15000|0|0|0|469281567825|121151786447|JUN2019|2019-06
06/28/2019|244754|626|0|1013|242922|14689|70924|6070|1|0|0|139|246393|334605|538033714801|477289147|0|351002501|114803338506|7035687388|32798641196|889433672|15000|0|0|0|538862006449|155527100762|JUN2019|2019-06
06/29/2019|386035|560|0|1393|476298|21078|98609|3370|0|0|0|114|387988|599355|618814793395|388450105|0|598567803|210567112268|10466876444|46762678623|1201214119|0|0|0|0|619801811303|268997881454|JUN2019|2019-06
06/30/2019|272744|537|0|1159|417935|20429|89477|1755|0|0|0|124|274440|529596|492500488169|375213059|0|435214845|165616629731|9797837119|38902408262|648567681|0|0|0|0|493310916073|214965442793|JUN2019|2019-06
07/01/2019|32762|533|0|927|277564|11976|58708|5279|0|0|0|116|34222|353527|497814227709|382023534|0|410219402|115244812501|5658803230|27672201810|983850678|0|0|0|0|498606470645|149559668219|JUL2019|2019-07
07/02/2019|39643|501|0|954|306736|11834|61927|5962|0|0|1|129|41098|386459|504915139302|384499518|0|366902204|123758849815|5484305771|28915701970|4134515846|0|0|0|0|505666541024|162293373402|JUL2019|2019-07
07/03/2019|29512|558|0|712|212864|11952|127054|5766|0|0|0|89|30782|357636|487428168337|397007818|0|316118224|81689963031|5554423891|62010011730|898112384|0|0|0|0|488141294379|150152511036|JUL2019|2019-07
07/04/2019|27097|536|0|925|217432|11900|136184|5825|0|0|0|79|28558|371341|492566652407|384523308|0|389053246|79019295040|5597182420|66565254874|2438593552|0|0|0|0|493340228961|153620325886|JUL2019|2019-07
07/05/2019|63885|551|0|970|238423|12859|144803|5594|2|0|0|80|65406|401679|498610109494|412590174|0|376678942|84412968214|6173288787|69752822056|750279586|160450|0|0|0|499399378610|161089358643|JUL2019|2019-07
07/06/2019|249275|561|0|1181|283540|18188|201041|2922|2|0|0|89|251017|505691|572328046528|379428313|0|415247658|110198977686|8611960623|96894764738|889980513|65000|0|0|0|573122722499|216595683560|JUL2019|2019-07
07/07/2019|147201|503|1|1187|272839|17320|179605|1424|1|0|2|72|148892|471188|444743136337|392908678|114000|440904815|97447423205|7895951722|79937100671|497666649|1075000|0|0|0|445577063830|185778142247|JUL2019|2019-07
07/08/2019|961720|486|0|968|200409|11283|118419|5355|2|0|0|64|963174|335466|480774519789|406032272|0|382661925|71086359849|5270609376|59675888223|1331637194|1050000|0|0|0|481563213986|137364494642|JUL2019|2019-07
07/09/2019|949254|544|0|865|191024|10858|119312|6012|2|0|0|82|950663|327206|484117506147|418104168|0|355045153|68819876703|5164952726|60285548037|4051696009|1100|0|0|0|484890655468|138322073475|JUL2019|2019-07
07/10/2019|964358|493|0|958|188230|10950|122905|5822|0|0|0|74|965809|327907|476877179198|376857848|0|413902435|68811190362|5116453456|61685502753|978136604|0|0|0|0|477667939481|136591283175|JUL2019|2019-07
07/11/2019|967003|447|0|891|184132|11012|126118|5988|3|0|0|57|968341|327250|479369517463|357676789|0|403347857|67945747037|5228404558|64745258069|2339832844|2663920|0|0|0|480130542109|140259242508|JUL2019|2019-07
07/12/2019|999527|526|0|946|198561|12135|136039|5846|0|0|1|89|1000999|352581|484535054000|460292585|0|323294838|74463881106|5805519258|67747107784|1270793785|0|0|0|0|485318641423|149287301933|JUL2019|2019-07
07/13/2019|208043|548|0|1310|243180|17983|195514|2942|1|0|0|72|209901|459619|567101628748|378838960|0|524496742|93780001813|8971336775|97698494192|665440059|10000|0|0|0|568004964450|201115272839|JUL2019|2019-07
07/14/2019|117540|533|0|1116|258253|17241|172092|1587|2|0|0|68|119189|449173|435081312083|418907006|0|356371694|82866110202|7696181569|77554667605|573397628|84000|0|0|0|435856590783|168690357004|JUL2019|2019-07
07/15/2019|900714|539|0|890|149691|9994|102761|5814|0|0|2|72|902143|268260|458386515706|404191401|0|367458943|52370349322|4987229583|52320509109|1005190038|0|0|0|0|459158166050|110683278052|JUL2019|2019-07
07/16/2019|895291|505|0|812|139170|9713|103680|6528|2|0|0|64|896608|259091|455893057046|456553805|0|272544865|49227233832|4415093639|53196801387|4280357826|509507|0|0|0|456622155716|111119486684|JUL2019|2019-07
07/17/2019|898457|591|0|784|132243|10076|106422|6174|1|0|1|68|899832|254915|449821295034|451057747|0|306057229|48981521667|4800583422|53814193700|1041802438|10000|0|0|0|450578410010|108638101227|JUL2019|2019-07
07/18/2019|892809|570|0|801|121408|10099|105358|6175|0|0|2|77|894180|243040|442316570769|479284380|0|317146016|47401032399|4879723653|55296131248|2617859558|0|0|0|0|443113001165|110194746858|JUL2019|2019-07
07/19/2019|932249|683|0|865|123865|11222|109127|5446|1|0|0|76|933797|249660|447473188308|573555470|0|326332850|52055447782|5473063257|55477697551|1050109958|50000|0|0|0|448373076628|114056318548|JUL2019|2019-07
07/20/2019|181557|613|0|1180|185382|18230|149776|3098|1|0|0|86|183350|356486|559250426543|421467128|0|449668699|83767896024|9336017403|76452772840|1018751810|308000|0|0|0|560121562370|170575438077|JUL2019|2019-07
07/21/2019|77381|571|0|1110|183452|15950|154637|1508|0|0|0|72|79062|355547|418138222251|431177444|0|391374306|68820803727|7821571084|71120188747|710229575|0|0|0|0|418960774001|148472793133|JUL2019|2019-07
07/22/2019|874652|596|0|851|109137|9580|94949|4942|0|0|0|86|876099|218608|435598301756|544041277|0|329275429|44056786851|4601188241|49201249583|989124831|0|0|0|0|436471618462|98848349506|JUL2019|2019-07
07/23/2019|866530|564|0|884|109861|9618|99738|5604|1|0|0|59|867978|224821|444044404482|453664610|0|403437806|44521900679|4601332929|51329138788|3928554653|376068|0|0|0|444901506898|104380927049|JUL2019|2019-07
07/24/2019|869329|606|0|787|106421|9634|100381|5175|2|0|1|62|870722|221611|433948299810|362691603|0|258907797|45200584971|4459444114|52104905561|1085436553|1226949|0|0|0|434569899210|102850371199|JUL2019|2019-07
07/25/2019|964289|669|0|1038|113690|12107|114552|5942|1|0|0|82|965996|246291|472384678965|545086762|0|386210173|49008545651|5740111119|59831934860|2453309295|15000|0|0|0|473315975900|117033900925|JUL2019|2019-07
07/26/2019|75010|636|0|1033|124133|14044|130526|5807|0|0|0|78|76679|274510|500869965074|495069861|0|361491902|53844435749|6597727859|64975520507|1681749376|0|0|0|0|501726526837|127099433491|JUL2019|2019-07
07/27/2019|320587|572|0|1321|178290|20738|193892|3192|4|0|0|110|322480|396112|616959220589|511959194|0|464628256|82805637988|10299406977|96717989425|1213550371|8781860|0|0|0|617935808039|191036584761|JUL2019|2019-07
07/28/2019|203802|578|0|1240|173961|19715|172602|1628|0|0|1|62|205620|367906|476823871041|441818540|0|437990950|73572452771|8981448299|79303283605|816128890|0|0|0|0|477703680531|162673313565|JUL2019|2019-07
07/29/2019|7861|632|0|899|102000|11101|104544|5387|1|0|0|70|9392|223032|476331281097|533980757|0|328029985|44088539783|5434365646|53180356061|925215102|10000|0|0|0|477193291839|103628476592|JUL2019|2019-07
07/30/2019|990227|563|0|893|105480|11080|106577|5918|2|0|1|68|991683|229055|481707809828|412267777|0|306496906|46229384411|5490434662|54641707638|3788434355|760000|0|0|0|482426574511|110149961066|JUL2019|2019-07
07/31/2019|69174|580|0|876|106156|11477|112985|5402|1|0|1|91|70630|236020|505409080867|450273484|0|373781701|47152159261|5521585724|57427121904|1199728094|50000|0|0|0|506233136052|111300594983|JUL2019|2019-07
08/01/2019|66770|586|0|927|113532|11849|118027|5946|0|0|1|98|68283|249354|494110707481|497456599|0|317314481|49351401513|5633177805|59058830816|1915717281|0|0|0|0|494925478561|115959127415|AUG2019|2019-08
08/02/2019|63662|676|0|899|117664|11874|126773|5767|2|0|1|101|65237|262078|479707935065|561910670|0|305307983|52273013498|5409107023|62005133607|1040146179|60000|0|0|0|480575153718|120727400307|AUG2019|2019-08
08/03/2019|278775|547|0|1147|168380|18179|185180|2992|1|0|0|80|280469|374731|573922276634|462016283|0|392113164|77088876139|8820698921|89503159301|757997800|38000|0|0|0|574776406081|176170732161|AUG2019|2019-08
08/04/2019|938468|616|0|907|134920|12324|144320|1443|1|0|0|79|939991|293007|370207988425|446729204|0|329535742|59188245721|5656964508|65358824833|410891844|1260000|0|0|0|370984253371|130614926906|AUG2019|2019-08
08/05/2019|935755|546|0|880|134122|10256|102425|5424|1|0|0|84|937181|252227|437395838247|438892847|0|330537830|47607561807|4799123883|50025487740|934334730|720000|0|0|0|438165268924|103366508160|AUG2019|2019-08
08/06/2019|932644|523|0|851|144910|9972|102759|6286|0|0|2|69|934018|263927|461916337205|457291005|0|304327385|49107621979|4953528642|52488911976|3882030012|0|0|0|0|462677955595|110432092609|AUG2019|2019-08
08/07/2019|931980|591|0|837|132874|10139|105228|5967|0|0|0|69|933408|254208|460699006838|422806832|0|321130685|47191350017|4780888867|53573476786|1110955928|0|0|0|0|461442944355|106656671598|AUG2019|2019-08
08/08/2019|928631|562|0|844|127992|10540|108045|6257|2|0|0|59|930037|252834|454177377347|453656905|0|289929689|47681652001|5185627138|55120071508|2409739465|433640|0|0|0|454920963941|110397090112|AUG2019|2019-08
08/09/2019|970621|547|0|951|132265|11369|119115|5633|0|0|0|68|972119|268382|450245320450|373935390|0|334644440|50974025598|5404848121|57037455635|973298735|0|0|0|0|450953900280|114389628089|AUG2019|2019-08
08/10/2019|190033|510|0|1143|175253|16664|164761|3106|1|0|3|84|191686|359784|539616049161|406844646|0|465673413|71655921273|8157884606|78453980747|668885945|10000|0|0|0|540488567220|158936672571|AUG2019|2019-08
08/11/2019|935167|525|0|768|122287|13734|122193|1263|0|0|0|48|936460|259477|318964648494|442754118|0|223800919|44388335219|5687254500|47692891406|490529645|0|0|0|0|319631203531|98259010770|AUG2019|2019-08
08/12/2019|914472|561|0|895|170665|10642|34788|5520|3|0|0|98|915928|221615|424874589662|427982014|0|367345809|67273665124|4999054428|17856710733|623343622|106000|0|0|0|425669917485|90752773907|AUG2019|2019-08
08/13/2019|892591|549|0|882|190756|9940|30387|6503|0|0|0|130|894022|237586|430266554586|391513451|0|294549787|81025467370|4827300385|12499889166|3369140268|0|0|0|0|430952617824|101721797189|AUG2019|2019-08
08/14/2019|897338|522|0|839|114738|9959|101517|6532|1|0|1|70|898699|232746|428332481876|436839271|0|271044908|44307606707|4608447308|51303427082|788107172|725000|0|0|0|429040366055|101007588269|AUG2019|2019-08
08/15/2019|915366|478|0|868|114056|10487|103928|6405|1|0|0|87|916712|234876|435003144998|426294975|0|293251066|44867811083|5045194212|52030277906|2171396999|10000|0|0|0|435722691039|104114680200|AUG2019|2019-08
08/16/2019|965727|510|0|959|119844|11676|116925|5762|1|0|0|66|967196|254207|447181891649|429116373|0|347059431|49733454666|5316463903|57253146693|1086580736|1000|0|0|0|447958067453|113389645998|AUG2019|2019-08
08/17/2019|116946|528|0|1202|156310|17147|171180|1941|0|0|0|67|118676|346578|425863910879|412386116|0|424288399|64673473785|8024160266|74886381253|574951845|0|0|0|0|426700585394|148158967149|AUG2019|2019-08
08/18/2019|68753|532|0|1106|156422|15661|152161|1445|1|0|0|61|70391|325689|412057089899|363093909|0|330863445|62888560670|7100354171|67242365990|559701590|1000|0|0|0|412751047253|137790982421|AUG2019|2019-08
08/19/2019|879091|481|0|829|98696|9307|93182|5351|0|0|0|71|880401|206536|434637196386|356776136|0|317798615|41018184144|4367220555|47799357523|803834424|0|0|0|0|435311771137|93988596646|AUG2019|2019-08
08/20/2019|893873|447|0|846|100357|9454|96409|6541|0|0|1|75|895166|212761|436107761782|405284600|0|301070021|42012083078|4498479225|50132321864|3098022296|0|0|0|0|436814116403|99740906463|AUG2019|2019-08
08/21/2019|887576|483|0|814|98631|9497|98351|5852|5|0|0|86|888873|212331|421709013354|371085911|0|293457031|42454227193|4632708276|50826063741|1254122377|1905000|0|0|0|422373556296|99167121587|AUG2019|2019-08
08/22/2019|889753|444|0|831|102389|10051|101997|6394|0|0|0|77|891028|220831|428117279795|352743171|0|278497320|44220542061|4868752537|52009763872|2560147105|0|0|0|0|428748520286|103659205575|AUG2019|2019-08
08/23/2019|985765|470|0|995|115466|13341|123037|5650|1|0|0|72|987230|257494|455625707355|388264981|0|389710850|48918159111|6094884683|61060204952|994225860|10000|0|0|0|456403683186|117067474606|AUG2019|2019-08
08/24/2019|205555|482|0|1312|162172|18917|175639|3201|1|0|0|96|207349|359929|563695773803|378082786|0|471236839|74273241164|9317240377|86116456948|1065790314|10000|0|0|0|564545093428|170772728803|AUG2019|2019-08
08/25/2019|113385|503|0|1255|155829|18266|162507|1658|1|0|0|78|115143|338260|445445075588|333423529|0|512500128|64141653315|8430306644|73405158608|924063359|3075000|0|0|0|446290999245|146901181926|AUG2019|2019-08
08/26/2019|901346|519|0|917|95695|10721|95815|5335|1|0|0|86|902782|207566|439768152442|392243327|0|309360852|42670859649|5077721817|48504064993|947535075|749000|0|0|0|440469756621|97200181534|AUG2019|2019-08
08/27/2019|919943|452|0|763|97798|10988|103022|5966|0|0|0|84|921158|217774|449968558780|338089981|0|247004982|43193048178|5226489390|52463193565|3219844865|0|0|0|0|450553653743|104102575998|AUG2019|2019-08
08/28/2019|58624|437|0|894|98201|11436|107506|6146|0|0|0|77|59955|223289|470229459934|336436390|0|333451067|43071395239|5044348615|54344129901|1221788610|0|0|0|0|470899347391|103681662365|AUG2019|2019-08
08/29/2019|34136|494|0|976|100268|11789|112956|6208|1|0|0|79|35606|231221|468430902560|354117255|0|350645967|44282548882|5463471606|55741517867|2072744252|50000|0|0|0|469135665782|107560282607|AUG2019|2019-08
08/30/2019|137571|536|0|1081|113335|13182|129621|5427|0|0|0|99|139188|261565|502031094015|454210779|0|402796029|49152087959|6113082454|62123516149|786416301|0|0|0|0|502888100823|118175102863|AUG2019|2019-08
08/31/2019|371722|516|0|1299|152842|19516|187479|3349|1|0|0|100|373537|363186|609449611660|478917448|0|571657708|70754665165|9524264568|90199753991|1095286787|3085890|0|0|0|610500186816|171573970511|AUG2019|2019-08
09/01/2019|286932|431|0|1207|161003|19174|176127|1517|1|0|1|72|288570|357821|488794327143|319129135|0|490185296|66561454277|8419801009|74561808705|518154905|100000|0|0|0|489603641574|150061218896|SEP2019|2019-09
09/02/2019|991958|457|0|897|99981|10535|104809|5465|0|0|0|59|993312|220790|466622715680|452793304|0|332255444|44379806921|5163053732|51342841380|898528815|0|0|0|0|467407764428|101784230848|SEP2019|2019-09
09/03/2019|976751|431|0|892|104025|10306|104580|6799|0|0|0|60|978074|225710|467224124140|428760019|0|368274318|44505263462|4899047329|52763006814|3205733941|0|0|0|0|468021158477|105373051546|SEP2019|2019-09
09/04/2019|967889|425|0|914|133726|10227|107644|6210|2|0|0|61|969228|257807|455725591515|345257976|0|331150662|47395553011|4871780950|53595959635|812753995|596850|0|0|0|456402000153|106676047591|SEP2019|2019-09
09/05/2019|975050|395|0|904|133775|10518|107310|6285|4|0|0|70|976349|257888|456950949732|282919487|0|388871827|48346377949|4814330944|53464852546|1835569962|5506000|0|0|0|457622741046|108461131401|SEP2019|2019-09
09/06/2019|23676|396|0|925|136598|11670|121711|5538|0|0|1|55|24997|275517|468749017727|348331396|0|312527464|51968382274|5392147689|58463751822|1271431755|0|0|0|0|469409876587|117095713540|SEP2019|2019-09
09/07/2019|227037|409|1|1326|178735|16911|175978|3043|0|0|2|87|228773|374667|562123884821|389198602|13433|472730392|74509625691|8133990163|85088544479|880108020|0|0|0|0|562985827248|168612268353|SEP2019|2019-09
09/08/2019|136029|419|0|1160|173344|16447|158944|1659|0|0|0|62|137608|350394|439498762125|284916870|0|414554526|64854812383|7361898837|69370150593|585022149|0|0|0|0|440198233521|142171883962|SEP2019|2019-09
09/09/2019|891020|463|0|794|105710|9246|93423|5427|1|0|3|63|892277|213806|432881797297|344209164|0|292881463|41508326706|4433187586|46282625955|795610128|72100|0|0|0|433518887924|93019750375|SEP2019|2019-09
09/10/2019|902655|442|0|888|103744|9527|96171|6195|0|0|1|62|903985|215637|442906286706|356808539|0|305291592|41271109940|4635364894|48664827207|3378513688|0|0|0|0|443568386837|97949815729|SEP2019|2019-09
09/11/2019|906739|397|0|803|103235|9529|99764|6392|1|0|0|72|907939|218920|435741150971|397470396|0|308870025|42671075614|4772269428|51264356933|1067952984|10000|0|0|0|436447491392|99775654959|SEP2019|2019-09
09/12/2019|904302|474|0|846|101283|9821|100034|6340|2|0|0|91|905622|217478|434005369547|387828990|0|387874054|42696018824|4697506535|51541515150|1999435451|5730000|0|0|0|434781072591|100934475960|SEP2019|2019-09
09/13/2019|958415|458|0|906|111962|11056|113338|5710|1|0|1|78|959779|242066|445266951422|395904287|0|338258350|47566306772|5317150511|56928347141|842711543|10000|0|0|0|446001114059|110654515967|SEP2019|2019-09
09/14/2019|165398|395|0|1236|156377|16390|166841|3203|3|0|0|84|167029|342811|534888119313|317966168|0|468798803|69865291665|8166208299|82178565816|665689144|21000|0|0|0|535674884284|160875754924|SEP2019|2019-09
09/15/2019|77127|447|0|1098|150040|15448|149299|1520|1|0|0|54|78672|316307|415819505467|324270530|0|378680258|60280375885|6791414407|67881569140|400758996|10000|0|0|0|416522456255|135354118428|SEP2019|2019-09
09/16/2019|861779|400|0|845|93059|9282|89383|6066|1|0|0|81|863024|197790|426077147502|354249744|0|319490740|39758851889|4379222382|46213033619|967889737|10000|0|0|0|426750887986|91318997627|SEP2019|2019-09
09/17/2019|863025|393|0|805|94255|9136|91642|6703|1|0|0|74|864223|201736|431069015753|375686487|0|282410856|40462426621|4120810754|47860759524|3532009498|15000|0|0|0|431727113096|95976006397|SEP2019|2019-09
09/18/2019|869638|388|0|773|94307|9397|94624|6431|3|0|0|76|870799|204759|421012354490|332331752|0|265477856|40719125394|4677883929|49596399097|1162421302|18882405|0|0|0|421610164098|96155829722|SEP2019|2019-09
09/19/2019|891696|398|0|741|96327|9502|98330|6419|0|0|1|84|892835|210578|428565389212|281932905|0|236310940|42205153734|4473920928|51737234325|2150402659|0|0|0|0|429083633057|100566711646|SEP2019|2019-09
09/20/2019|951903|386|0|974|106752|11004|112208|5669|3|0|2|67|953263|235633|443195560003|304339593|0|340048283|46730451248|5182684003|56836681127|1273758142|70000|0|0|0|443839947879|110023574520|SEP2019|2019-09
09/21/2019|159593|373|0|1166|151483|16153|162739|2976|0|0|1|66|161132|333351|531454709322|242684455|0|417676413|69953005286|7830960252|80027940217|935229860|0|0|0|0|532115070190|158747135615|SEP2019|2019-09
09/22/2019|58860|371|0|1112|144191|15312|143383|1314|0|0|0|83|60343|304200|404645081313|258578383|0|382036481|59265557832|6922983743|63910496634|452545474|0|0|0|0|405285696177|130551583683|SEP2019|2019-09
09/23/2019|860635|353|0|792|86660|8943|86596|5278|0|0|4|64|861780|187477|407315142859|286694314|0|333305644|38888060784|4277493496|45007907134|655118105|0|0|0|0|407935142817|88828579519|SEP2019|2019-09
09/24/2019|857344|347|0|788|86568|9089|87758|5850|0|0|1|59|858479|189265|412940655225|251576921|0|325104041|39724351197|4120916218|46121543098|3544834788|0|0|0|0|413517336187|93511645301|SEP2019|2019-09
09/25/2019|958180|373|0|938|98748|11651|104547|5866|1|0|0|90|959491|220812|443608328304|259981324|0|338421042|42703669161|5139326742|51338346765|1266060776|50000|0|0|0|444206730670|100447403444|SEP2019|2019-09
09/26/2019|973142|348|0|931|95785|11867|117013|6060|0|0|0|90|974421|230725|440361433788|289676565|0|329695658|42071723986|5456964401|56399634111|2288915233|0|0|0|0|440980806011|106217237731|SEP2019|2019-09
09/27/2019|170876|350|0|1071|109468|14360|139028|5891|0|0|1|96|172297|268747|489090121374|267392166|0|351239774|48506755520|6407349209|64650009933|1343979720|0|0|0|0|489708753314|120908094382|SEP2019|2019-09
09/28/2019|450429|335|0|1384|155975|21347|202694|3391|1|0|0|90|452148|383407|611942475902|211980658|0|516309808|73322340625|10215581505|95516799623|956216630|395000|0|0|0|612670766368|180010938383|SEP2019|2019-09
09/29/2019|320282|343|0|1324|148996|20428|182379|1813|0|0|0|68|321949|353616|491459705525|242101780|0|499217083|64441700937|9284707059|78206084755|663553178|0|0|0|0|492201024388|152596045929|SEP2019|2019-09
09/30/2019|38843|326|0|967|87866|11220|108531|5064|2|0|2|68|40136|212681|474768695820|252163922|0|397282808|40688406894|5311174490|53672482706|662859323|20000|0|0|0|475418142550|100334923413|SEP2019|2019-09
10/01/2019|69072|335|0|963|101892|11969|117537|5916|2|0|0|93|70370|237314|476970000907|275119897|0|344455617|44641779968|5436868676|56512838029|3081311141|665000|0|0|0|477589576421|109672797814|OCT2019|2019-10
10/02/2019|53237|359|0|890|111058|11150|121497|5916|2|0|0|81|54486|249621|467866561887|285702153|0|264164405|46409051220|5146701586|57664691925|893492338|896100|0|0|0|468416428445|110113937069|OCT2019|2019-10
10/03/2019|38018|309|0|947|126661|11385|123087|6156|1|0|0|85|39274|267289|469277758920|218228132|0|376638156|48134833767|5147420562|58418931662|1624840974|69900|0|0|0|469872625208|113326026965|OCT2019|2019-10
10/04/2019|91800|300|0|974|138159|12673|139749|5858|1|0|0|77|93074|296439|485258586924|202692477|0|451171494|53195394648|5551150166|64737264319|1424621683|4920000|0|0|0|485912450895|124908430816|OCT2019|2019-10
10/05/2019|300313|325|0|1334|175115|18044|195890|3109|0|0|1|99|301972|392158|574671593642|271863080|0|517829510|72573780780|8690046629|90516700059|646457101|0|0|0|0|575461286232|172426984569|OCT2019|2019-10
10/06/2019|222593|336|0|1177|176621|18043|183176|1550|1|0|1|80|224106|379390|462944123839|242855299|0|381332670|67322671801|8219441228|77490951197|495374521|100|0|0|0|463568311808|153528438747|OCT2019|2019-10
10/07/2019|950018|379|0|803|109382|10225|107888|5747|0|0|1|72|951200|233242|445867355585|280422750|0|297166429|43026051079|4812119363|51355868756|901556443|0|0|0|0|446444944764|100095595641|OCT2019|2019-10
10/08/2019|928279|328|0|837|100224|10066|107445|6075|0|0|0|71|929444|223810|446003261348|262079785|0|313473635|41403702391|4816261520|52493606146|3865064428|0|0|0|0|446578814768|102578634485|OCT2019|2019-10
10/09/2019|950363|322|0|907|101762|10234|111293|5912|0|0|1|91|951592|229201|448265132068|258190185|0|405702829|42373359180|4759992202|54202305355|897538989|0|0|0|0|448929025082|102233195726|OCT2019|2019-10
10/10/2019|955546|314|0|904|101163|10422|113799|5860|1|0|2|61|956764|231244|450621259977|281247442|0|308710090|42648737706|4705395426|55358439827|2273890215|125000|0|0|0|451211217509|104986463174|OCT2019|2019-10
10/11/2019|986715|290|0|929|104501|10975|121544|5505|1|0|0|95|987934|242525|449917925547|212887863|0|371454016|44100799667|4991010475|57778105053|1339946878|15000|0|0|0|450502267426|108209862073|OCT2019|2019-10
10/12/2019|212847|304|0|1184|152340|17087|187448|3096|1|0|0|71|214335|359971|542574174733|247186603|0|362598485|68696298620|7970809843|88718851776|722857223|519800|0|0|0|543183959821|166108817462|OCT2019|2019-10
10/13/2019|69079|331|0|1100|138228|15319|158041|1573|0|0|1|87|70510|313161|410820426239|212924781|0|343324000|57123211365|6946705115|70156717212|556120260|0|0|0|0|411376675020|134782753952|OCT2019|2019-10
10/14/2019|894929|313|0|776|89051|9600|100333|5986|0|0|0|66|896018|204970|427875734790|226360037|0|313536493|39339769065|4560246410|49834632139|760106391|0|0|0|0|428415631320|94494754005|OCT2019|2019-10
10/15/2019|900097|322|0|883|90261|9527|100394|6302|0|0|0|72|901302|206484|437514262619|249393236|0|289874545|40156248163|4501077659|49493727973|3247691410|0|0|0|0|438053530400|97398745205|OCT2019|2019-10
10/16/2019|923284|281|0|847|92068|10004|107508|6007|0|0|0|77|924412|215587|434129668600|229835028|0|394470967|40311908597|4486936425|53363587778|898256223|0|0|0|0|434753974595|99060689023|OCT2019|2019-10
10/17/2019|921970|326|0|877|94166|10254|110161|5858|1|0|1|77|923173|220439|430219892337|361713979|0|282994035|41479009127|4569358218|54006637200|1659924173|15000|0|0|0|430864600351|101714928718|OCT2019|2019-10
10/18/2019|985788|315|0|950|104741|11608|126329|5634|1|0|0|76|987053|248312|445935888336|258732203|0|328569955|46003423392|5361287824|61417032528|867745911|10000|0|0|0|446523190494|113649489655|OCT2019|2019-10
10/19/2019|207680|345|0|1281|145655|16633|181751|3009|0|0|0|78|209306|347048|537366170412|271689516|0|452141147|66415502603|8140342020|85806877551|957990859|0|0|0|0|538090001075|161320713033|OCT2019|2019-10
10/20/2019|100177|324|0|1107|137144|15598|160392|1458|0|0|0|68|101608|314592|405979156990|212148127|0|343044365|56664041265|6678789828|68400643983|619014468|0|0|0|0|406534349482|132362489544|OCT2019|2019-10
10/21/2019|893980|284|0|851|85675|9510|99041|4818|0|0|0|88|895115|199044|412490360377|235757850|0|310808245|38248521877|4403790605|48986454047|691603130|0|0|0|0|413036926472|92330369659|OCT2019|2019-10
10/22/2019|900194|304|0|880|86213|9681|101457|5660|0|0|0|66|901378|203011|422928395079|297991360|0|276823023|38179185476|4286476078|49751170873|2884288775|0|0|0|0|423503209462|95101121202|OCT2019|2019-10
10/23/2019|898513|299|0|794|87187|9648|103791|5507|1|0|0|73|899606|206133|415955121446|243976819|0|277852835|40230460278|4575864395|52751284876|695914498|10000|0|0|0|416476951100|98253524047|OCT2019|2019-10
10/24/2019|913218|338|0|893|88895|10109|107800|5613|2|0|0|88|914449|212417|422741141067|328472164|0|283102405|40257725864|4628601790|53525704784|1736970499|185451|0|0|0|423352715636|100149002937|OCT2019|2019-10
10/25/2019|93170|272|0|1079|114429|15407|145907|5452|0|0|0|82|94521|281195|478673605263|176089272|0|357997647|50967699173|6633397031|69186112813|1441223097|0|0|0|0|479207692182|128228432114|OCT2019|2019-10
10/26/2019|380016|312|0|1432|161601|21714|215530|3261|0|0|1|91|381760|402106|597226802084|231602848|0|512108177|77028111970|10444141985|104012384421|1264238447|0|0|0|0|597970513109|192748876823|OCT2019|2019-10
10/27/2019|254463|256|0|1216|152067|20608|184589|1446|0|0|0|75|255935|358710|475729903709|207491391|0|386156108|66121377973|9149402510|79892026298|681791172|0|0|0|0|476323551208|155844597953|OCT2019|2019-10
10/28/2019|48540|289|0|917|89885|11886|112830|4978|0|0|0|72|49746|219579|465109953515|228483293|0|343309104|40781489612|5455042473|54762616159|741345466|0|0|0|0|465681745912|101740493710|OCT2019|2019-10
10/29/2019|13169|281|0|758|90306|11684|115287|6349|0|0|0|93|14208|223626|470938834728|198169350|0|309915867|42375495289|5462720274|57517470906|3395919652|0|0|0|0|471446919945|108751606121|OCT2019|2019-10
10/30/2019|47309|223|0|891|92489|11828|121554|6003|0|0|0|71|48423|231874|478787455336|211539512|0|333213318|42534170615|5254793385|60735289532|861078099|0|0|0|0|479332208166|109385331631|OCT2019|2019-10
10/31/2019|141363|176|0|1050|96476|13262|128264|5993|0|0|0|72|142589|243995|514006360498|139487803|0|382441880|45684518426|6041027875|63671612585|1850679999|0|0|0|0|514528290181|117247838885|OCT2019|2019-10
11/01/2019|136257|204|0|969|113123|13391|142394|5024|0|0|0|84|137430|273932|485389117952|149224552|0|342573591|49895906036|6178308446|66913437701|833373024|0|0|0|0|485880916095|123821025207|NOV2019|2019-11
11/02/2019|372460|174|0|1349|161691|19429|212097|2660|0|0|0|94|373983|395877|593453112023|148740871|0|616155388|75880376914|9016989817|98604880574|859862077|0|0|0|0|594218008282|184362109382|NOV2019|2019-11
11/03/2019|290032|236|0|1349|157505|19151|192295|1258|1|0|0|62|291617|370209|492824645496|136304540|0|475061525|68212112551|8552642363|82825906208|481275627|10000|0|0|0|493436011561|160071936749|NOV2019|2019-11
11/04/2019|986871|189|0|860|89508|10304|111407|4894|0|0|0|53|987920|216113|455233122811|180122619|0|324636715|41098260500|4737213607|52970830370|850079852|0|0|0|0|455737882145|99656384329|NOV2019|2019-11
11/05/2019|14606|156|0|1002|92037|10929|116132|5478|1|0|0|85|15764|224576|469366561468|97624946|0|375724987|41918654439|5035927639|56284042689|3409367230|50000|0|0|0|469839911401|106647991997|NOV2019|2019-11
11/06/2019|998839|188|0|915|93072|10655|116581|5563|0|0|2|98|999942|225871|461151137770|199248616|0|406312450|42619328234|5177474301|57157810392|1212833443|0|0|0|0|461756698836|106167446370|NOV2019|2019-11
11/07/2019|3123|159|0|946|85276|11121|120194|6003|0|0|0|85|4228|222594|471120347577|148961185|0|372763948|39317594657|5204305829|60384905434|2293590493|0|0|0|0|471642072710|107200396413|NOV2019|2019-11
11/08/2019|67380|159|0|1035|105582|12502|137377|5484|2|0|0|94|68574|260945|485195984433|124019749|0|358494234|49587265244|5734922822|65961071089|1560267474|1468499|0|0|0|485678498416|122843526629|NOV2019|2019-11
11/09/2019|274904|183|0|1277|152734|17991|200535|2505|1|0|0|59|276364|373765|516201997125|150031662|0|433286340|71258631644|8533426309|87823001303|634919646|10000|0|0|0|516785315127|168249978902|NOV2019|2019-11
11/10/2019|170787|198|0|1137|136943|16812|177286|1376|0|0|0|73|172122|332417|439581866697|157246204|0|362924829|59642437820|7461347173|76311903774|427490876|0|0|0|0|440102037730|143843179643|NOV2019|2019-11
11/11/2019|930610|189|0|851|84385|10100|107542|4974|1|0|0|83|931650|207001|455436821780|161013129|0|339559501|41634977407|4620049461|54016205579|968548972|10000|0|0|0|455937394410|101239781419|NOV2019|2019-11
11/12/2019|918028|169|0|895|84169|9996|106239|6034|0|0|0|86|919092|206438|449983565308|112731530|0|348568835|40920797774|4885700384|53897906360|3463872412|0|0|0|0|450444865673|103168276930|NOV2019|2019-11
11/13/2019|922188|198|0|890|85667|9931|107673|6163|0|0|0|74|923276|209434|444620692364|162589238|0|277625529|41484544964|4509573519|54369621160|1109889346|0|0|0|0|445060907131|101473628989|NOV2019|2019-11
11/14/2019|933971|177|0|907|87277|10231|110223|5947|1|0|0|98|935055|213678|445866742046|127668924|0|284135366|42179510119|4520981488|54048154538|2085916523|10000|0|0|0|446278546336|102834562668|NOV2019|2019-11
11/15/2019|998685|170|0|963|98199|11656|125548|3718|0|0|0|86|999818|239121|457925708073|123336960|0|347949798|46260103188|5534793109|60641788013|950610590|0|0|0|0|458396994831|113387294900|NOV2019|2019-11
11/16/2019|239787|160|0|1243|139028|16762|182988|3472|0|0|1|74|241190|342250|547931063567|100216977|0|449846198|66721683089|8023465241|88244711967|1020678581|0|0|0|0|548481126742|164010538878|NOV2019|2019-11
11/17/2019|143327|182|0|1213|133299|16382|165157|1361|0|0|0|74|144722|316199|424792885433|127366309|0|407604305|58404433411|7453464438|70271756225|688757130|0|0|0|0|425327856047|136818411204|NOV2019|2019-11
11/18/2019|922251|176|0|871|79086|9650|101797|5311|0|0|0|84|923298|195844|431706187489|154511175|0|360508660|38213217426|4737966280|50429698054|949706362|0|0|0|0|432221207324|94330588122|NOV2019|2019-11
11/19/2019|920143|151|0|858|80519|9356|96515|6365|0|0|1|153|921152|192755|440242557413|111311936|0|327608927|39511012989|4625298736|49038930819|3783430599|0|0|0|0|440681478276|96958673143|NOV2019|2019-11
11/20/2019|932623|173|0|903|101537|9872|107819|5577|0|0|0|87|933699|224805|437660121052|138196585|0|319793295|42456506650|4442686583|54137622116|873162836|0|0|0|0|438118110932|101909978185|NOV2019|2019-11
11/21/2019|936654|155|0|890|129985|10354|108658|5878|0|0|0|137|937699|254875|441362099574|124823031|0|305767599|47299679123|4882801948|55353638344|1827402440|0|0|0|0|441792690204|109363521855|NOV2019|2019-11
11/22/2019|490|170|0|977|130497|11763|127137|5173|0|0|0|85|1637|274570|449489041471|111215278|0|282090828|49534530018|5227024453|61585726762|1447892765|0|0|0|0|449882347577|117795173998|NOV2019|2019-11
11/23/2019|243110|146|0|1290|168966|17580|184899|2977|0|0|0|67|244546|374422|555241987576|149855937|0|509153648|70876968938|8412826030|88401501735|834051687|0|0|0|0|555900997161|168525348390|NOV2019|2019-11
11/24/2019|167208|163|0|1241|165501|17342|170855|1384|2|0|0|88|168612|355082|441734665737|120994196|0|370412676|62466010254|7728382976|74702145782|536417020|25000|0|0|0|442226072609|145432956032|NOV2019|2019-11
11/25/2019|980328|202|0|958|109231|12780|116836|5305|2|0|0|93|981488|244152|453184058373|155877147|0|367489968|45307931090|5940342056|55638798017|824332770|109100|0|0|0|453707425488|107711403933|NOV2019|2019-11
11/26/2019|965810|151|0|994|103304|11433|115145|5841|0|0|0|86|966955|235723|453241707828|84336914|0|372772859|44013898323|5183087738|56467381580|3454796305|0|0|0|0|453698817601|109119163946|NOV2019|2019-11
11/27/2019|7447|147|0|940|104886|12291|120675|6041|0|0|0|106|8534|243893|467408885022|121511995|0|347605826|45038910538|5609630697|58403902519|790377118|0|0|0|0|467878002843|109842820872|NOV2019|2019-11
11/28/2019|160682|169|0|989|106384|13085|128130|6265|0|0|1|98|161840|253864|500494202707|136301321|0|350772167|47036400829|6118630692|63639021828|2558064708|0|0|0|0|500981276195|119352118057|NOV2019|2019-11
11/29/2019|279197|167|0|1051|120821|14927|154736|5828|0|0|0|102|280415|296312|544377727993|108411669|0|385278380|54910673966|6944040496|76122163933|813012046|0|0|0|0|544871418042|138789890441|NOV2019|2019-11
11/30/2019|485651|141|0|1457|162956|20916|217332|3260|0|0|0|97|487249|404464|649113872358|97140308|0|553922954|76285443993|10326753735|103256733273|923836037|0|0|0|0|649764935620|190792767038|NOV2019|2019-11
12/01/2019|401557|129|0|1353|169541|21205|200591|1586|0|0|0|90|403039|392923|524727679653|81823923|0|487189476|70853070773|9095848352|84111502199|720039885|0|0|0|0|525296693052|164780461209|DEC2019|2019-12
12/02/2019|83161|138|0|944|104608|11753|119104|4998|0|0|0|164|84243|240463|484851306168|69549752|0|423688632|46386889690|5342947322|57486067748|687695572|0|0|0|0|485344544552|109903600332|DEC2019|2019-12
12/03/2019|69585|139|0|993|103651|11437|121417|6238|3|0|0|156|70717|242743|498927347643|101774167|0|389916635|46068187824|5561202367|58928448989|3479712524|1705000|0|0|0|499419038445|114037551704|DEC2019|2019-12
12/04/2019|48255|112|0|897|125230|11720|124992|5376|0|0|0|183|49264|267318|482337788994|76174303|0|366564300|49308645202|5473023240|59088438126|951560177|0|0|0|0|482780527597|114821666745|DEC2019|2019-12
12/05/2019|86378|137|0|967|132219|12347|132477|6268|1|0|1|335|87482|283311|496539707168|83303494|0|443118304|50257007543|5742142332|64636517523|1859041098|50000|0|0|0|497066128966|122494708496|DEC2019|2019-12
12/06/2019|128690|132|0|1037|135803|13409|146889|5516|0|0|0|265|129859|301617|527947813000|91582950|0|338360139|56966218613|6207549219|70690290350|1215613351|0|0|0|0|528377756089|135079671533|DEC2019|2019-12
12/07/2019|338096|128|0|1337|178691|19671|209663|3105|0|0|1|147|339561|411130|605296915930|65838555|0|461042134|78925225133|9350204231|98507988678|1045945807|0|0|0|0|605823796619|187829363849|DEC2019|2019-12
12/08/2019|264186|116|0|1221|171395|19096|191664|1669|0|0|0|63|265523|383824|493180748909|91187599|0|451555089|68864299709|8785665368|82436810756|607986355|0|0|0|0|493723491597|160694762188|DEC2019|2019-12
12/09/2019|997711|125|0|928|106788|11043|114582|5622|1|0|1|307|998764|238035|479482425716|92211063|0|373385048|45575918720|5223553730|56161086046|1039251125|10000|0|0|0|479948021827|107999809621|DEC2019|2019-12
01/01/2020|64235|187|0|1109|99990|15315|187859|1457|0|0|0|59|65531|304621|341819064162|115112227|0|384846480|44253613659|6492688352|78213436936|557714191|0|0|0|0|342319022869|129517453138|JAN2020|2020-01
01/02/2020|126841|180|0|1110|92530|14526|193925|4329|1|0|1|103|128131|305310|450863582092|151033216|0|409947345|45237954257|6458573807|86995333943|754772090|2000000|0|0|0|451424562653|139446634097|JAN2020|2020-01
01/03/2020|138088|179|0|1143|95056|14237|233164|4666|0|0|0|157|139410|347123|476758130275|126527041|0|480566999|47757810768|6415108406|104775598434|804529057|0|0|0|0|477365224315|159753046665|JAN2020|2020-01
01/04/2020|301191|167|0|1334|122237|18933|472096|2600|1|0|1|76|302692|615866|557942753610|131388224|0|499843627|61962429832|8905752815|181408060882|738023852|1799000|0|0|0|558573985461|253014267381|JAN2020|2020-01
01/05/2020|172412|187|0|1206|106097|17940|408681|1467|0|0|1|40|173805|534185|433630968295|120365335|0|437960589|48657336083|7781641408|131359050906|387008958|0|0|0|0|434189294219|188185037355|JAN2020|2020-01
01/06/2020|978889|145|0|967|67846|11061|254282|4721|0|0|0|94|980001|337910|459613019947|106831601|0|404226544|34447832958|5255107828|95203152634|1088133998|0|0|0|0|460124078092|135994227418|JAN2020|2020-01
